0.584375, 0.3659722222222222, 0
0.584375, 0.3625, 0
0.58359375, 0.36180555555555555, 0
0.583203125, 0.36180555555555555, 2
0.583203125, 0.36180555555555555, 0
0.583203125, 0.36180555555555555, 0
0.581640625, 0.36527777777777776, 0
0.580859375, 0.36875, 0
0.580859375, 0.37222222222222223, 0
0.580078125, 0.3819444444444444, 0
0.57890625, 0.38819444444444445, 0
0.57890625, 0.3958333333333333, 0
0.577734375, 0.4048611111111111, 0
0.57734375, 0.41597222222222224, 0
0.5765625, 0.42916666666666664, 0
0.576171875, 0.44027777777777777, 0
0.575390625, 0.4583333333333333, 0
0.57421875, 0.46597222222222223, 0
0.5734375, 0.4861111111111111, 0
-0.00078125, -0.001388888888888889, 0
-0.00078125, -0.001388888888888889, 0
-0.00078125, -0.001388888888888889, 0
0.512890625, 0.4201388888888889, 0
0.490625, 0.4013888888888889, 0
-0.00078125, -0.001388888888888889, 0
0.455078125, 0.3729166666666667, 0
0.440234375, 0.3625, 0
-0.00078125, -0.001388888888888889, 0
-0.00078125, -0.001388888888888889, 0
-0.00078125, -0.001388888888888889, 0
-0.00078125, -0.001388888888888889, 0
-0.00078125, -0.001388888888888889, 0
-0.00078125, -0.001388888888888889, 0
-0.00078125, -0.001388888888888889, 0
0.365625, 0.325, 0
0.36015625, 0.3034722222222222, 0
-0.00078125, -0.001388888888888889, 0
-0.00078125, -0.001388888888888889, 0
0.33515625, 0.23958333333333334, 0
0.334765625, 0.23958333333333334, 0
0.32734375, 0.22152777777777777, 0
0.320703125, 0.20694444444444443, 0
-0.00078125, -0.001388888888888889, 0
0.3171875, 0.19305555555555556, 0
-0.00078125, -0.001388888888888889, 0
-0.00078125, -0.001388888888888889, 0
-0.00078125, -0.001388888888888889, 0
-0.00078125, -0.001388888888888889, 0
-0.00078125, -0.001388888888888889, 0
-0.00078125, -0.001388888888888889, 0
-0.00078125, -0.001388888888888889, 0
-0.00078125, -0.001388888888888889, 0
-0.00078125, -0.001388888888888889, 0
-0.00078125, -0.001388888888888889, 0
0.35546875, 0.24513888888888888, 0
-0.00078125, -0.001388888888888889, 0
0.36484375, 0.27708333333333335, 0
0.366796875, 0.2875, 0
0.37109375, 0.30277777777777776, 0
0.37421875, 0.3145833333333333, 0
0.38046875, 0.33611111111111114, 0
0.385546875, 0.3590277777777778, 0
-0.00078125, -0.001388888888888889, 0
0.396875, 0.41458333333333336, 0
-0.00078125, -0.001388888888888889, 0
-0.00078125, -0.001388888888888889, 0
0.406640625, 0.47708333333333336, 0
0.41328125, 0.5104166666666666, 0
0.419140625, 0.5486111111111112, 0
-0.00078125, -0.001388888888888889, 0
-0.00078125, -0.001388888888888889, 0
0.43046875, 0.6347222222222222, 0
0.436328125, 0.6798611111111111, 0
0.441796875, 0.7125, 0
0.44453125, 0.7069444444444445, 1
0.4484375, 0.7020833333333333, 0
0.45234375, 0.6972222222222222, 0
0.45625, 0.6944444444444444, 0
0.459375, 0.6923611111111111, 0
0.464453125, 0.6930555555555555, 0
0.46875, 0.69375, 0
0.470703125, 0.6958333333333333, 0
0.475, 0.6972222222222222, 0
0.47890625, 0.6965277777777777, 0
0.48359375, 0.6375, 0
0.489453125, 0.5819444444444445, 0
0.49375, 0.5361111111111111, 0
-0.00078125, -0.001388888888888889, 0
-0.00078125, -0.001388888888888889, 0
-0.00078125, -0.001388888888888889, 0
-0.00078125, -0.001388888888888889, 0
-0.00078125, -0.001388888888888889, 0
0.509375, 0.3715277777777778, 0
0.512890625, 0.3506944444444444, 0
-0.00078125, -0.001388888888888889, 0
0.5140625, 0.3298611111111111, 0
0.51640625, 0.3138888888888889, 0
0.51796875, 0.3, 0
0.51953125, 0.2923611111111111, 0
0.521484375, 0.28125, 0
0.522265625, 0.2777777777777778, 0
0.52421875, 0.26875, 0
0.52578125, 0.2638888888888889, 0
0.526953125, 0.2604166666666667, 0
0.528125, 0.2569444444444444, 0
0.52890625, 0.2569444444444444, 0
0.53046875, 0.2534722222222222, 0
0.531640625, 0.2534722222222222, 0
0.532421875, 0.25277777777777777, 0
0.53359375, 0.25416666666666665, 0
0.533203125, 0.2569444444444444, 0
0.534765625, 0.25972222222222224, 0
-0.00078125, -0.001388888888888889, 0
0.536328125, 0.2673611111111111, 0
0.53671875, 0.26944444444444443, 0
0.537890625, 0.27569444444444446, 0
0.537890625, 0.2611111111111111, 1
-0.00078125, -0.001388888888888889, 0
-0.00078125, -0.001388888888888889, 0
0.5390625, 0.2326388888888889, 0
0.53984375, 0.21875, 0
0.53984375, 0.2048611111111111, 0
0.541015625, 0.19444444444444445, 0
0.541015625, 0.1909722222222222, 0
-0.00078125, -0.001388888888888889, 0
0.541796875, 0.1763888888888889, 0
0.5421875, 0.16944444444444445, 0
-0.00078125, -0.001388888888888889, 0
-0.00078125, -0.001388888888888889, 0
-0.00078125, -0.001388888888888889, 0
-0.00078125, -0.001388888888888889, 0
-0.00078125, -0.001388888888888889, 0
-0.00078125, -0.001388888888888889, 0
0.502734375, 0.21319444444444444, 0
-0.00078125, -0.001388888888888889, 0
-0.00078125, -0.001388888888888889, 0
-0.00078125, -0.001388888888888889, 0
0.482421875, 0.2520833333333333, 0
0.474609375, 0.26944444444444443, 0
0.46796875, 0.2881944444444444, 0
0.4609375, 0.30972222222222223, 0
0.45703125, 0.3215277777777778, 0
-0.00078125, -0.001388888888888889, 0
0.44609375, 0.3548611111111111, 0
-0.00078125, -0.001388888888888889, 0
0.430859375, 0.4076388888888889, 0
0.4234375, 0.43680555555555556, 0
-0.00078125, -0.001388888888888889, 0
-0.00078125, -0.001388888888888889, 0
0.40703125, 0.5048611111111111, 0
0.39921875, 0.5444444444444444, 0
0.390625, 0.5826388888888889, 0
0.383203125, 0.6020833333333333, 0
0.380859375, 0.6006944444444444, 1
0.3765625, 0.5979166666666667, 0
0.371484375, 0.5979166666666667, 0
0.365625, 0.5979166666666667, 0
0.358984375, 0.6027777777777777, 0
0.353125, 0.6069444444444444, 0
0.348828125, 0.6118055555555556, 0
0.34296875, 0.6180555555555556, 0
0.3375, 0.625, 0
0.333203125, 0.6305555555555555, 0
0.32578125, 0.6451388888888889, 0
0.31953125, 0.6597222222222222, 0
0.316015625, 0.66875, 0
0.309375, 0.6868055555555556, 0
0.30390625, 0.7013888888888888, 0
0.29921875, 0.7173611111111111, 0
-0.00078125, -0.001388888888888889, 0
-0.00078125, -0.001388888888888889, 0
-0.00078125, -0.001388888888888889, 0
-0.00078125, -0.001388888888888889, 0
-0.00078125, -0.001388888888888889, 0
0.3859375, 0.5263888888888889, 0
0.401953125, 0.49375, 0
0.417578125, 0.46319444444444446, 0
0.431640625, 0.4361111111111111, 0
-0.00078125, -0.001388888888888889, 0
0.45703125, 0.39375, 0
0.46953125, 0.37569444444444444, 0
0.479296875, 0.3625, 0
0.488671875, 0.3506944444444444, 0
0.489453125, 0.35, 0
-0.00078125, -0.001388888888888889, 0
-0.00078125, -0.001388888888888889, 0
0.515625, 0.32708333333333334, 0
-0.00078125, -0.001388888888888889, 0
-0.00078125, -0.001388888888888889, 0
-0.00078125, -0.001388888888888889, 0
-0.00078125, -0.001388888888888889, 0
0.542578125, 0.3173611111111111, 0
0.54921875, 0.3194444444444444, 0
0.555078125, 0.3159722222222222, 1
0.557421875, 0.3076388888888889, 0
0.562109375, 0.29375, 0
0.563671875, 0.28194444444444444, 0
0.567578125, 0.26666666666666666, 0
0.571484375, 0.25277777777777777, 0
-0.00078125, -0.001388888888888889, 0
0.57890625, 0.23125, 0
0.58046875, 0.2298611111111111, 0
0.58203125, 0.22569444444444445, 0
-0.00078125, -0.001388888888888889, 0
0.58828125, 0.21041666666666667, 0
-0.00078125, -0.001388888888888889, 0
-0.00078125, -0.001388888888888889, 0
-0.00078125, -0.001388888888888889, 0
0.5875, 0.20416666666666666, 0
0.58125, 0.20694444444444443, 0
-0.00078125, -0.001388888888888889, 0
-0.00078125, -0.001388888888888889, 0
-0.00078125, -0.001388888888888889, 0
-0.00078125, -0.001388888888888889, 0
-0.00078125, -0.001388888888888889, 0
-0.00078125, -0.001388888888888889, 0
-0.00078125, -0.001388888888888889, 0
0.540234375, 0.2375, 0
-0.00078125, -0.001388888888888889, 0
0.530859375, 0.24930555555555556, 0
0.528515625, 0.25277777777777777, 0
-0.00078125, -0.001388888888888889, 0
0.517578125, 0.26944444444444443, 0
-0.00078125, -0.001388888888888889, 0
0.509765625, 0.2861111111111111, 0
0.505078125, 0.29583333333333334, 0
0.4984375, 0.30972222222222223, 0
0.495703125, 0.31666666666666665, 0
0.48984375, 0.3298611111111111, 0
0.484375, 0.3451388888888889, 0
0.482421875, 0.35555555555555557, 0
0.478125, 0.3645833333333333, 0
-0.00078125, -0.001388888888888889, 0
0.46796875, 0.39652777777777776, 0
0.4625, 0.41597222222222224, 0
0.458203125, 0.4354166666666667, 0
0.4546875, 0.4527777777777778, 0
0.45078125, 0.47152777777777777, 0
0.4453125, 0.4951388888888889, 0
0.44296875, 0.5069444444444444, 0
0.4375, 0.5333333333333333, 0
0.432421875, 0.5611111111111111, 0
-0.00078125, -0.001388888888888889, 0
-0.00078125, -0.001388888888888889, 0
-0.00078125, -0.001388888888888889, 0
0.41875, 0.6541666666666667, 0
0.415234375, 0.6645833333333333, 0
0.41328125, 0.6631944444444444, 1
0.41171875, 0.6625, 0
0.41015625, 0.6625, 0
0.40859375, 0.6631944444444444, 0
0.40703125, 0.6659722222222222, 0
0.405078125, 0.6708333333333333, 0
0.403515625, 0.6763888888888889, 0
0.402734375, 0.6819444444444445, 0
0.400390625, 0.6895833333333333, 0
0.399609375, 0.6951388888888889, 0
0.398828125, 0.7034722222222223, 0
0.396875, 0.7159722222222222, 0
-0.00078125, -0.001388888888888889, 0
-0.00078125, -0.001388888888888889, 0
-0.00078125, -0.001388888888888889, 0
-0.00078125, -0.001388888888888889, 0
0.410546875, 0.5131944444444444, 0
0.413671875, 0.4722222222222222, 0
0.41640625, 0.4409722222222222, 0
0.417578125, 0.41597222222222224, 0
0.418359375, 0.4097222222222222, 0
0.422265625, 0.3625, 0
0.422265625, 0.3625, 0
0.4234375, 0.3451388888888889, 0
0.425390625, 0.32916666666666666, 0
0.426171875, 0.32430555555555557, 0
0.426953125, 0.3125, 0
0.428125, 0.30277777777777776, 0
0.428515625, 0.2965277777777778, 0
0.429296875, 0.2923611111111111, 0
0.430859375, 0.2881944444444444, 0
0.43125, 0.2847222222222222, 0
0.432421875, 0.28402777777777777, 0
0.4328125, 0.2847222222222222, 0
0.43359375, 0.2847222222222222, 0
0.433984375, 0.28541666666666665, 0
0.434765625, 0.2881944444444444, 0
0.43515625, 0.29305555555555557, 0
0.4359375, 0.2847222222222222, 1
0.4359375, 0.2763888888888889, 0
0.435546875, 0.2590277777777778, 0
0.4359375, 0.2423611111111111, 0
0.4359375, 0.22847222222222222, 0
0.436328125, 0.21597222222222223, 0
0.436328125, 0.2111111111111111, 0
0.436328125, 0.20069444444444445, 0
0.436328125, 0.19375, 0
0.43671875, 0.18541666666666667, 0
0.43671875, 0.17847222222222223, 0
0.4359375, 0.175, 0
-0.00078125, -0.001388888888888889, 0
-0.00078125, -0.001388888888888889, 0
-0.00078125, -0.001388888888888889, 0
0.430078125, 0.16041666666666668, 0
0.4265625, 0.15694444444444444, 0
-0.00078125, -0.001388888888888889, 0
-0.00078125, -0.001388888888888889, 0
-0.00078125, -0.001388888888888889, 0
0.41484375, 0.1597222222222222, 0
0.4125, 0.16319444444444445, 0
0.409375, 0.16944444444444445, 0
-0.00078125, -0.001388888888888889, 0
-0.00078125, -0.001388888888888889, 0
-0.00078125, -0.001388888888888889, 0
0.399609375, 0.19791666666666666, 0
0.396875, 0.20833333333333334, 0
0.39375, 0.22291666666666668, 0
0.39140625, 0.2361111111111111, 0
0.389453125, 0.24791666666666667, 0
0.386328125, 0.275, 0
0.38515625, 0.2833333333333333, 0
0.382421875, 0.3034722222222222, 0
0.380078125, 0.3277777777777778, 0
0.37890625, 0.3416666666666667, 0
0.377734375, 0.35555555555555557, 0
-0.00078125, -0.001388888888888889, 0
0.378515625, 0.3541666666666667, 0
0.37109375, 0.45069444444444445, 0
0.368359375, 0.48819444444444443, 0
0.36640625, 0.5270833333333333, 0
0.378125, 0.3541666666666667, 0
0.364453125, 0.5708333333333333, 0
0.378125, 0.3541666666666667, 0
0.360546875, 0.65625, 0
0.358203125, 0.7048611111111112, 0
0.35625, 0.7034722222222223, 1
0.35390625, 0.6993055555555555, 0
0.3515625, 0.6944444444444444, 0
0.348828125, 0.6902777777777778, 0
0.346875, 0.6868055555555556, 0
0.34453125, 0.6854166666666667, 0
0.342578125, 0.6847222222222222, 0
0.33984375, 0.6875, 0
0.3375, 0.6923611111111111, 0
0.3359375, 0.6944444444444444, 0
0.333203125, 0.7006944444444444, 0
0.330859375, 0.7076388888888889, 0
0.330859375, 0.7076388888888889, 0
0.35703125, 0.6333333333333333, 0
0.35703125, 0.6340277777777777, 0
-0.00078125, -0.001388888888888889, 0
0.394140625, 0.5361111111111111, 0
0.409765625, 0.4951388888888889, 0
0.423046875, 0.4597222222222222, 0
-0.00078125, -0.001388888888888889, 0
-0.00078125, -0.001388888888888889, 0
0.448046875, 0.4048611111111111, 0
-0.00078125, -0.001388888888888889, 0
0.469140625, 0.36180555555555555, 0
0.478515625, 0.3472222222222222, 0
0.48359375, 0.33958333333333335, 0
-0.00078125, -0.001388888888888889, 0
-0.00078125, -0.001388888888888889, 0
0.50234375, 0.3125, 0
0.5078125, 0.3055555555555556, 0
0.51484375, 0.29930555555555555, 0
0.518359375, 0.2972222222222222, 0
-0.00078125, -0.001388888888888889, 0
0.527734375, 0.29305555555555557, 0
0.53125, 0.2923611111111111, 0
0.5359375, 0.2916666666666667, 0
0.540234375, 0.2923611111111111, 0
0.543359375, 0.2951388888888889, 0
0.545703125, 0.29583333333333334, 0
-0.00078125, -0.001388888888888889, 0
0.552734375, 0.3034722222222222, 0
0.555078125, 0.28680555555555554, 1
0.55703125, 0.26944444444444443, 0
0.558203125, 0.26319444444444445, 0
-0.00078125, -0.001388888888888889, 0
-0.00078125, -0.001388888888888889, 0
0.5640625, 0.225, 0
0.565625, 0.2152777777777778, 0
0.566796875, 0.2048611111111111, 0
0.567578125, 0.20208333333333334, 0
0.569140625, 0.1951388888888889, 0
0.5703125, 0.19305555555555556, 0
0.569921875, 0.1875, 0
-0.00078125, -0.001388888888888889, 0
0.554296875, 0.18472222222222223, 0
-0.00078125, -0.001388888888888889, 0
-0.00078125, -0.001388888888888889, 0
-0.00078125, -0.001388888888888889, 0
-0.00078125, -0.001388888888888889, 0
0.523046875, 0.20277777777777778, 0
-0.00078125, -0.001388888888888889, 0
0.507421875, 0.22291666666666668, 0
-0.00078125, -0.001388888888888889, 0
-0.00078125, -0.001388888888888889, 0
0.490234375, 0.24791666666666667, 0
-0.00078125, -0.001388888888888889, 0
0.476171875, 0.2791666666666667, 0
0.469921875, 0.29930555555555555, 0
-0.00078125, -0.001388888888888889, 0
-0.00078125, -0.001388888888888889, 0
0.45078125, 0.3506944444444444, 0
0.44296875, 0.3736111111111111, 0
0.433984375, 0.40555555555555556, 0
-0.00078125, -0.001388888888888889, 0
-0.00078125, -0.001388888888888889, 0
-0.00078125, -0.001388888888888889, 0
0.409375, 0.5097222222222222, 0
0.40078125, 0.5513888888888889, 0
0.39296875, 0.5895833333333333, 0
0.383984375, 0.6333333333333333, 0
0.383984375, 0.6354166666666666, 0
-0.00078125, -0.001388888888888889, 0
-0.00078125, -0.001388888888888889, 0
-0.00078125, -0.001388888888888889, 0
-0.00078125, -0.001388888888888889, 0
0.344140625, 0.6972222222222222, 0
-0.00078125, -0.001388888888888889, 1
0.3359375, 0.6965277777777777, 0
0.327734375, 0.6972222222222222, 0
0.3203125, 0.7013888888888888, 0
0.3125, 0.7076388888888889, 0
0.30625, 0.7138888888888889, 0
0.30078125, 0.71875, 0
0.2953125, 0.7236111111111111, 0
0.3125, 0.6902777777777778, 0
-0.00078125, -0.001388888888888889, 0
0.36953125, 0.5777777777777777, 0
0.393359375, 0.5333333333333333, 0
-0.00078125, -0.001388888888888889, 0
0.41484375, 0.49375, 0
0.434765625, 0.46041666666666664, 0
0.4515625, 0.43333333333333335, 0
0.469140625, 0.40625, 0
-0.00078125, -0.001388888888888889, 0
-0.00078125, -0.001388888888888889, 0
-0.00078125, -0.001388888888888889, 0
-0.00078125, -0.001388888888888889, 0
-0.00078125, -0.001388888888888889, 0
0.533203125, 0.3277777777777778, 0
-0.00078125, -0.001388888888888889, 0
-0.00078125, -0.001388888888888889, 0
0.555859375, 0.30972222222222223, 0
0.5609375, 0.30625, 0
0.569140625, 0.3020833333333333, 0
0.57578125, 0.2986111111111111, 0
-0.00078125, -0.001388888888888889, 0
-0.00078125, -0.001388888888888889, 0
0.59609375, 0.29930555555555555, 0
-0.00078125, -0.001388888888888889, 0
0.606640625, 0.3034722222222222, 0
0.61171875, 0.29305555555555557, 1
0.6140625, 0.2861111111111111, 0
0.615234375, 0.27708333333333335, 0
-0.00078125, -0.001388888888888889, 0
-0.00078125, -0.001388888888888889, 0
-0.00078125, -0.001388888888888889, 0
0.628515625, 0.22708333333333333, 0
0.6296875, 0.21944444444444444, 0
0.630859375, 0.21736111111111112, 0
0.6328125, 0.20902777777777778, 0
-0.00078125, -0.001388888888888889, 0
-0.00078125, -0.001388888888888889, 0
-0.00078125, -0.001388888888888889, 0
-0.00078125, -0.001388888888888889, 0
-0.00078125, -0.001388888888888889, 0
-0.00078125, -0.001388888888888889, 0
0.59609375, 0.21319444444444444, 0
0.58671875, 0.21805555555555556, 0
-0.00078125, -0.001388888888888889, 0
-0.00078125, -0.001388888888888889, 0
-0.00078125, -0.001388888888888889, 0
-0.00078125, -0.001388888888888889, 0
-0.00078125, -0.001388888888888889, 0
0.534765625, 0.2659722222222222, 0
-0.00078125, -0.001388888888888889, 0
-0.00078125, -0.001388888888888889, 0
-0.00078125, -0.001388888888888889, 0
-0.00078125, -0.001388888888888889, 0
0.491015625, 0.3298611111111111, 0
0.48046875, 0.34930555555555554, 0
0.468359375, 0.3729166666666667, 0
0.456640625, 0.39652777777777776, 0
0.454296875, 0.40069444444444446, 0
0.44453125, 0.4215277777777778, 0
0.433203125, 0.4486111111111111, 0
0.419921875, 0.47847222222222224, 0
0.408203125, 0.5097222222222222, 0
-0.00078125, -0.001388888888888889, 0
-0.00078125, -0.001388888888888889, 0
0.38359375, 0.5819444444444445, 0
0.369921875, 0.6194444444444445, 0
0.357421875, 0.65625, 0
0.347265625, 0.66875, 0
-0.00078125, -0.001388888888888889, 0
-0.00078125, -0.001388888888888889, 0
-0.00078125, -0.001388888888888889, 0
-0.00078125, -0.001388888888888889, 0
-0.00078125, -0.001388888888888889, 0
-0.00078125, -0.001388888888888889, 0
0.2890625, 0.6847222222222222, 0
0.280859375, 0.6930555555555555, 0
0.28046875, 0.69375, 0
0.27109375, 0.7048611111111112, 0
0.259375, 0.71875, 0
-0.00078125, -0.001388888888888889, 0
-0.00078125, -0.001388888888888889, 0
-0.00078125, -0.001388888888888889, 0
0.30625, 0.5659722222222222, 0
0.3203125, 0.5215277777777778, 0
0.333203125, 0.48194444444444445, 0
0.3453125, 0.44930555555555557, 0
-0.00078125, -0.001388888888888889, 0
0.35625, 0.41875, 0
0.36640625, 0.39166666666666666, 0
0.375390625, 0.36944444444444446, 0
0.384765625, 0.34930555555555554, 0
0.391796875, 0.33055555555555555, 0
0.396875, 0.32083333333333336, 0
0.40234375, 0.30972222222222223, 0
0.4046875, 0.30416666666666664, 0
0.4109375, 0.2923611111111111, 0
0.41640625, 0.2847222222222222, 0
0.42265625, 0.2777777777777778, 0
-0.00078125, -0.001388888888888889, 0
0.42890625, 0.27152777777777776, 0
0.431640625, 0.26944444444444443, 0
0.435546875, 0.26666666666666666, 0
0.440234375, 0.26458333333333334, 0
0.44375, 0.26458333333333334, 0
0.446484375, 0.26458333333333334, 0
0.448828125, 0.26666666666666666, 0
0.451171875, 0.26875, 0
0.453125, 0.2708333333333333, 0
0.45625, 0.2722222222222222, 0
0.457421875, 0.25625, 1
0.459375, 0.24861111111111112, 0
0.460546875, 0.2388888888888889, 0
0.461328125, 0.22708333333333333, 0
0.4640625, 0.21597222222222223, 0
0.465625, 0.20555555555555555, 0
0.4671875, 0.19583333333333333, 0
0.46796875, 0.19166666666666668, 0
0.46953125, 0.1840277777777778, 0
0.47109375, 0.18194444444444444, 0
0.473046875, 0.18055555555555555, 0
0.47578125, 0.1798611111111111, 0
0.47890625, 0.17916666666666667, 0
0.48125, 0.18125, 0
-0.00078125, -0.001388888888888889, 0
-0.00078125, -0.001388888888888889, 0
-0.00078125, -0.001388888888888889, 0
-0.00078125, -0.001388888888888889, 0
-0.00078125, -0.001388888888888889, 0
-0.00078125, -0.001388888888888889, 0
-0.00078125, -0.001388888888888889, 0
0.507421875, 0.23333333333333334, 0
0.5140625, 0.24722222222222223, 0
0.51875, 0.2652777777777778, 0
0.523828125, 0.2826388888888889, 0
0.526953125, 0.29583333333333334, 0
-0.00078125, -0.001388888888888889, 0
0.5359375, 0.32916666666666666, 0
0.54296875, 0.3548611111111111, 0
0.549609375, 0.3861111111111111, 0
0.55546875, 0.4131944444444444, 0
-0.00078125, -0.001388888888888889, 0
-0.00078125, -0.001388888888888889, 0
-0.00078125, -0.001388888888888889, 0
0.57734375, 0.5208333333333334, 0
0.584765625, 0.5618055555555556, 0
0.590625, 0.5944444444444444, 0
-0.00078125, -0.001388888888888889, 0
0.605859375, 0.6513888888888889, 0
0.6078125, 0.65, 1
0.611328125, 0.6458333333333334, 0
0.61640625, 0.6402777777777777, 0
0.621484375, 0.6381944444444444, 0
0.626953125, 0.6368055555555555, 0
0.630078125, 0.6381944444444444, 0
0.63515625, 0.6395833333333333, 0
0.638671875, 0.6416666666666667, 0
0.645703125, 0.6472222222222223, 0
0.6515625, 0.6548611111111111, 0
0.65625, 0.6618055555555555, 0
0.66015625, 0.66875, 0
0.664453125, 0.6763888888888889, 0
0.66953125, 0.6875, 0
0.66328125, 0.6361111111111111, 0
0.652734375, 0.5756944444444444, 0
0.644921875, 0.5263888888888889, 0
-0.00078125, -0.001388888888888889, 0
0.634375, 0.4652777777777778, 0
0.630859375, 0.44375, 0
0.625390625, 0.4131944444444444, 0
0.620703125, 0.3875, 0
0.618359375, 0.3729166666666667, 0
0.615234375, 0.35555555555555557, 0
0.61171875, 0.33819444444444446, 0
0.610546875, 0.33125, 0
0.607421875, 0.31527777777777777, 0
0.6046875, 0.30416666666666664, 0
0.603125, 0.2986111111111111, 0
0.60234375, 0.29305555555555557, 0
0.6, 0.2881944444444444, 0
0.59921875, 0.2847222222222222, 0
0.59765625, 0.28125, 0
0.596875, 0.28055555555555556, 0
0.59609375, 0.2798611111111111, 0
0.5953125, 0.2798611111111111, 0
0.59453125, 0.28055555555555556, 0
0.59453125, 0.28125, 0
0.593359375, 0.2777777777777778, 0
-0.00078125, -0.001388888888888889, 0
-0.00078125, -0.001388888888888889, 0
-0.00078125, -0.001388888888888889, 0
0.591796875, 0.22291666666666668, 1
0.590625, 0.2125, 0
0.590625, 0.2, 0
0.58984375, 0.19027777777777777, 0
-0.00078125, -0.001388888888888889, 0
-0.00078125, -0.001388888888888889, 0
-0.00078125, -0.001388888888888889, 0
-0.00078125, -0.001388888888888889, 0
-0.00078125, -0.001388888888888889, 0
0.563671875, 0.19166666666666668, 0
0.556640625, 0.19791666666666666, 0
-0.00078125, -0.001388888888888889, 0
0.548828125, 0.20625, 0
0.540625, 0.21597222222222223, 0
0.533203125, 0.22569444444444445, 0
0.525, 0.2375, 0
-0.00078125, -0.001388888888888889, 0
-0.00078125, -0.001388888888888889, 0
-0.00078125, -0.001388888888888889, 0
0.499609375, 0.28125, 0
0.49140625, 0.3, 0
-0.00078125, -0.001388888888888889, 0
-0.00078125, -0.001388888888888889, 0
-0.00078125, -0.001388888888888889, 0
-0.00078125, -0.001388888888888889, 0
0.455078125, 0.3875, 0
0.445703125, 0.41458333333333336, 0
0.4359375, 0.4465277777777778, 0
-0.00078125, -0.001388888888888889, 0
-0.00078125, -0.001388888888888889, 0
-0.00078125, -0.001388888888888889, 0
0.405859375, 0.5458333333333333, 0
0.396484375, 0.5833333333333334, 0
0.384765625, 0.6222222222222222, 0
0.376953125, 0.6333333333333333, 0
-0.00078125, -0.001388888888888889, 0
-0.00078125, -0.001388888888888889, 0
-0.00078125, -0.001388888888888889, 0
0.354296875, 0.6347222222222222, 1
0.346484375, 0.6388888888888888, 0
-0.00078125, -0.001388888888888889, 0
-0.00078125, -0.001388888888888889, 0
-0.00078125, -0.001388888888888889, 0
-0.00078125, -0.001388888888888889, 0
0.31328125, 0.6770833333333334, 0
0.30546875, 0.6916666666666667, 0
0.297265625, 0.7048611111111112, 0
0.297265625, 0.7041666666666667, 0
-0.00078125, -0.001388888888888889, 0
-0.00078125, -0.001388888888888889, 0
0.36796875, 0.5819444444444445, 0
0.392578125, 0.5416666666666666, 0
-0.00078125, -0.001388888888888889, 0
-0.00078125, -0.001388888888888889, 0
-0.00078125, -0.001388888888888889, 0
0.45546875, 0.4444444444444444, 0
0.473046875, 0.4201388888888889, 0
0.489453125, 0.39861111111111114, 0
0.490234375, 0.3958333333333333, 0
-0.00078125, -0.001388888888888889, 0
-0.00078125, -0.001388888888888889, 0
0.53125, 0.35208333333333336, 0
0.54453125, 0.3402777777777778, 0
0.555078125, 0.33194444444444443, 0
0.565625, 0.32569444444444445, 0
-0.00078125, -0.001388888888888889, 0
-0.00078125, -0.001388888888888889, 0
-0.00078125, -0.001388888888888889, 0
0.59375, 0.3159722222222222, 0
0.60234375, 0.31527777777777777, 0
0.61015625, 0.3159722222222222, 0
0.61640625, 0.3159722222222222, 0
0.61875, 0.3145833333333333, 0
-0.00078125, -0.001388888888888889, 0
0.629296875, 0.2833333333333333, 1
-0.00078125, -0.001388888888888889, 0
0.64296875, 0.25, 0
-0.00078125, -0.001388888888888889, 0
-0.00078125, -0.001388888888888889, 0
-0.00078125, -0.001388888888888889, 0
-0.00078125, -0.001388888888888889, 0
0.657421875, 0.22083333333333333, 0
0.662109375, 0.2152777777777778, 0
-0.00078125, -0.001388888888888889, 0
0.66796875, 0.2111111111111111, 0
-0.00078125, -0.001388888888888889, 0
-0.00078125, -0.001388888888888889, 0
-0.00078125, -0.001388888888888889, 0
-0.00078125, -0.001388888888888889, 0
-0.00078125, -0.001388888888888889, 0
-0.00078125, -0.001388888888888889, 0
0.623828125, 0.2263888888888889, 0
0.61484375, 0.23125, 0
0.60625, 0.23680555555555555, 0
-0.00078125, -0.001388888888888889, 0
0.590234375, 0.2465277777777778, 0
0.587890625, 0.24722222222222223, 0
0.586328125, 0.24722222222222223, 0
0.587890625, 0.24791666666666667, 0
0.5625, 0.2701388888888889, 0
0.553515625, 0.28125, 0
0.58828125, 0.24930555555555556, 0
0.589453125, 0.24861111111111112, 0
0.589453125, 0.24791666666666667, 0
0.589453125, 0.24791666666666667, 0
0.51875, 0.3236111111111111, 0
-0.00078125, -0.001388888888888889, 0
0.493359375, 0.3659722222222222, 0
0.49296875, 0.36527777777777776, 0
-0.00078125, -0.001388888888888889, 0
0.475390625, 0.4, 0
0.46640625, 0.41805555555555557, 0
0.462890625, 0.42916666666666664, 0
0.4546875, 0.44583333333333336, 0
0.44453125, 0.46944444444444444, 0
0.440625, 0.4798611111111111, 0
0.43125, 0.5041666666666667, 0
0.421484375, 0.5298611111111111, 0
0.41484375, 0.5527777777777778, 0
-0.00078125, -0.001388888888888889, 0
0.40390625, 0.5833333333333334, 0
0.39375, 0.6131944444444445, 0
0.3859375, 0.6458333333333334, 0
-0.00078125, -0.001388888888888889, 0
-0.00078125, -0.001388888888888889, 0
-0.00078125, -0.001388888888888889, 0
-0.00078125, -0.001388888888888889, 0
-0.00078125, -0.001388888888888889, 0
-0.00078125, -0.001388888888888889, 0
-0.00078125, -0.001388888888888889, 0
0.34453125, 0.6743055555555556, 1
-0.00078125, -0.001388888888888889, 0
0.337890625, 0.6840277777777778, 0
0.33359375, 0.6902777777777778, 0
0.328125, 0.7, 0
0.322265625, 0.7125, 0
-0.00078125, -0.001388888888888889, 0
-0.00078125, -0.001388888888888889, 0
0.33828125, 0.6243055555555556, 0
0.34765625, 0.5715277777777777, 0
0.35625, 0.5277777777777778, 0
0.36328125, 0.4875, 0
-0.00078125, -0.001388888888888889, 0
-0.00078125, -0.001388888888888889, 0
0.37734375, 0.42430555555555555, 0
0.3828125, 0.39861111111111114, 0
-0.00078125, -0.001388888888888889, 0
0.394140625, 0.35625, 0
0.394921875, 0.3527777777777778, 0
0.4, 0.33541666666666664, 0
0.402734375, 0.32430555555555557, 0
0.40546875, 0.3145833333333333, 0
0.409375, 0.3055555555555556, 0
0.412890625, 0.29791666666666666, 0
0.4140625, 0.29444444444444445, 0
0.416796875, 0.29097222222222224, 0
0.419140625, 0.2861111111111111, 0
0.421875, 0.2833333333333333, 0
0.42421875, 0.2826388888888889, 0
0.426171875, 0.28194444444444444, 0
0.428125, 0.2826388888888889, 0
0.4296875, 0.28402777777777777, 0
0.43125, 0.28541666666666665, 0
0.4328125, 0.2881944444444444, 0
0.434765625, 0.27847222222222223, 1
0.435546875, 0.2611111111111111, 0
0.4359375, 0.2520833333333333, 0
0.436328125, 0.24930555555555556, 0
0.4375, 0.23680555555555555, 0
0.4390625, 0.22152777777777777, 0
0.4390625, 0.2111111111111111, 0
0.440234375, 0.20347222222222222, 0
0.441015625, 0.19722222222222222, 0
0.441796875, 0.19236111111111112, 0
0.442578125, 0.1875, 0
0.443359375, 0.18333333333333332, 0
0.45, 0.18472222222222223, 0
0.455859375, 0.18611111111111112, 0
-0.00078125, -0.001388888888888889, 0
-0.00078125, -0.001388888888888889, 0
-0.00078125, -0.001388888888888889, 0
-0.00078125, -0.001388888888888889, 0
-0.00078125, -0.001388888888888889, 0
-0.00078125, -0.001388888888888889, 0
0.502734375, 0.23958333333333334, 0
0.502734375, 0.23958333333333334, 0
-0.00078125, -0.001388888888888889, 0
0.520703125, 0.27291666666666664, 0
0.530078125, 0.29444444444444445, 0
0.540625, 0.3194444444444444, 0
0.540625, 0.3194444444444444, 0
-0.00078125, -0.001388888888888889, 0
-0.00078125, -0.001388888888888889, 0
0.571875, 0.40069444444444446, 0
0.5828125, 0.43472222222222223, 0
0.59609375, 0.4701388888888889, 0
0.605859375, 0.5020833333333333, 0
-0.00078125, -0.001388888888888889, 0
-0.00078125, -0.001388888888888889, 0
0.63125, 0.5895833333333333, 0
0.644140625, 0.6395833333333333, 0
0.6578125, 0.6722222222222223, 0
-0.00078125, -0.001388888888888889, 0
-0.00078125, -0.001388888888888889, 0
-0.00078125, -0.001388888888888889, 0
0.68671875, 0.6625, 1
0.696484375, 0.6625, 0
0.70625, 0.6666666666666666, 0
-0.00078125, -0.001388888888888889, 0
-0.00078125, -0.001388888888888889, 0
0.726953125, 0.6798611111111111, 0
0.74375, 0.6944444444444444, 0
0.748828125, 0.7006944444444444, 0
0.758203125, 0.7118055555555556, 0
0.76015625, 0.7131944444444445, 0
-0.00078125, -0.001388888888888889, 0
-0.00078125, -0.001388888888888889, 0
0.677734375, 0.5715277777777777, 0
0.65078125, 0.5277777777777778, 0
0.625390625, 0.4909722222222222, 0
-0.00078125, -0.001388888888888889, 0
-0.00078125, -0.001388888888888889, 0
-0.00078125, -0.001388888888888889, 0
0.564453125, 0.40555555555555556, 0
-0.00078125, -0.001388888888888889, 0
0.532421875, 0.37083333333333335, 0
-0.00078125, -0.001388888888888889, 0
-0.00078125, -0.001388888888888889, 0
-0.00078125, -0.001388888888888889, 0
0.493359375, 0.3347222222222222, 0
0.4828125, 0.32708333333333334, 0
0.473828125, 0.3229166666666667, 0
-0.00078125, -0.001388888888888889, 0
-0.00078125, -0.001388888888888889, 0
-0.00078125, -0.001388888888888889, 0
0.44765625, 0.3145833333333333, 0
0.440234375, 0.3145833333333333, 0
0.433203125, 0.3159722222222222, 0
0.42734375, 0.3125, 1
0.425390625, 0.3055555555555556, 0
0.420703125, 0.2902777777777778, 0
0.416796875, 0.2743055555555556, 0
-0.00078125, -0.001388888888888889, 0
-0.00078125, -0.001388888888888889, 0
-0.00078125, -0.001388888888888889, 0
-0.00078125, -0.001388888888888889, 0
0.39921875, 0.21875, 0
0.396875, 0.21388888888888888, 0
0.392578125, 0.20347222222222222, 0
0.38984375, 0.1986111111111111, 0
0.3859375, 0.1951388888888889, 0
-0.00078125, -0.001388888888888889, 0
-0.00078125, -0.001388888888888889, 0
0.38125, 0.1986111111111111, 0
0.379296875, 0.2013888888888889, 0
0.3765625, 0.20902777777777778, 0
0.374609375, 0.21458333333333332, 0
0.373046875, 0.22013888888888888, 0
0.371484375, 0.22708333333333333, 0
0.369140625, 0.23541666666666666, 0
0.3671875, 0.2465277777777778, 0
-0.00078125, -0.001388888888888889, 0
-0.00078125, -0.001388888888888889, 0
-0.00078125, -0.001388888888888889, 0
0.3578125, 0.3138888888888889, 0
0.35703125, 0.31666666666666665, 0
-0.00078125, -0.001388888888888889, 0
0.35234375, 0.36041666666666666, 0
-0.00078125, -0.001388888888888889, 0
-0.00078125, -0.001388888888888889, 0
-0.00078125, -0.001388888888888889, 0
-0.00078125, -0.001388888888888889, 0
0.343359375, 0.47847222222222224, 0
0.341015625, 0.5131944444444444, 0
0.33828125, 0.5291666666666667, 0
-0.00078125, -0.001388888888888889, 0
-0.00078125, -0.001388888888888889, 0
0.3328125, 0.6333333333333333, 0
0.33125, 0.6354166666666666, 1
0.32890625, 0.6305555555555555, 0
0.32734375, 0.6277777777777778, 0
0.325390625, 0.6277777777777778, 0
0.32421875, 0.6277777777777778, 0
0.32265625, 0.6284722222222222, 0
0.32109375, 0.6319444444444444, 0
0.31875, 0.6354166666666666, 0
0.3171875, 0.6416666666666667, 0
0.315625, 0.6472222222222223, 0
0.314453125, 0.6576388888888889, 0
0.312890625, 0.6652777777777777, 0
0.310546875, 0.6784722222222223, 0
0.308984375, 0.6909722222222222, 0
0.307421875, 0.7069444444444445, 0
0.306640625, 0.7145833333333333, 0
0.305859375, 0.7208333333333333, 0
-0.00078125, -0.001388888888888889, 0
-0.00078125, -0.001388888888888889, 0
0.390234375, 0.5673611111111111, 0
0.412109375, 0.5277777777777778, 0
-0.00078125, -0.001388888888888889, 0
-0.00078125, -0.001388888888888889, 0
0.45390625, 0.45902777777777776, 0
0.468359375, 0.43680555555555556, 0
0.48515625, 0.4152777777777778, 0
-0.00078125, -0.001388888888888889, 0
-0.00078125, -0.001388888888888889, 0
-0.00078125, -0.001388888888888889, 0
-0.00078125, -0.001388888888888889, 0
0.53671875, 0.3541666666666667, 0
0.547265625, 0.3458333333333333, 0
0.556640625, 0.3402777777777778, 0
-0.00078125, -0.001388888888888889, 0
-0.00078125, -0.001388888888888889, 0
0.576953125, 0.3298611111111111, 0
0.58203125, 0.32708333333333334, 0
0.590234375, 0.3263888888888889, 0
0.596875, 0.3263888888888889, 0
0.60390625, 0.3277777777777778, 0
-0.00078125, -0.001388888888888889, 0
0.608984375, 0.31180555555555556, 1
0.614453125, 0.2923611111111111, 0
0.618359375, 0.27708333333333335, 0
-0.00078125, -0.001388888888888889, 0
-0.00078125, -0.001388888888888889, 0
0.6296875, 0.24027777777777778, 0
0.630078125, 0.23819444444444443, 0
0.63359375, 0.23125, 0
0.63671875, 0.22013888888888888, 0
0.641015625, 0.21458333333333332, 0
-0.00078125, -0.001388888888888889, 0
0.64453125, 0.20972222222222223, 0
0.646875, 0.20555555555555555, 0
0.64375, 0.20555555555555555, 0
0.639453125, 0.20555555555555555, 0
-0.00078125, -0.001388888888888889, 0
-0.00078125, -0.001388888888888889, 0
-0.00078125, -0.001388888888888889, 0
-0.00078125, -0.001388888888888889, 0
-0.00078125, -0.001388888888888889, 0
0.61171875, 0.2111111111111111, 0
0.60625, 0.2152777777777778, 0
0.605859375, 0.21458333333333332, 0
0.59921875, 0.21944444444444444, 0
0.59453125, 0.2222222222222222, 0
0.59140625, 0.22569444444444445, 0
0.585546875, 0.23125, 0
0.58046875, 0.2375, 0
0.575390625, 0.24583333333333332, 0
0.573046875, 0.24722222222222223, 0
0.57109375, 0.2520833333333333, 0
0.56484375, 0.25972222222222224, 0
0.558984375, 0.2701388888888889, 0
0.55390625, 0.2798611111111111, 0
0.550390625, 0.28680555555555554, 0
0.546484375, 0.29583333333333334, 0
0.541015625, 0.30625, 0
0.537109375, 0.31666666666666665, 0
0.53203125, 0.32916666666666666, 0
0.526953125, 0.34375, 0
0.523828125, 0.35138888888888886, 0
0.5203125, 0.36319444444444443, 0
-0.00078125, -0.001388888888888889, 0
0.51015625, 0.3958333333333333, 0
-0.00078125, -0.001388888888888889, 0
-0.00078125, -0.001388888888888889, 0
0.493359375, 0.45902777777777776, 0
0.48984375, 0.47152777777777777, 0
0.48515625, 0.49583333333333335, 0
0.481640625, 0.5076388888888889, 0
0.476171875, 0.5347222222222222, 0
0.470703125, 0.5618055555555556, 0
0.467578125, 0.5784722222222223, 0
-0.00078125, -0.001388888888888889, 0
0.45703125, 0.6333333333333333, 0
0.454296875, 0.6548611111111111, 0
0.446484375, 0.6847222222222222, 0
0.444140625, 0.6798611111111111, 1
0.44296875, 0.6770833333333334, 0
0.441015625, 0.6743055555555556, 0
0.4390625, 0.6722222222222223, 0
0.4375, 0.6722222222222223, 0
0.435546875, 0.6722222222222223, 0
0.433984375, 0.6736111111111112, 0
0.43203125, 0.6763888888888889, 0
0.430859375, 0.6798611111111111, 0
0.429296875, 0.6847222222222222, 0
0.42734375, 0.6902777777777778, 0
-0.00078125, -0.001388888888888889, 0
0.423828125, 0.7034722222222223, 0
0.423828125, 0.7069444444444445, 0
-0.00078125, -0.001388888888888889, 0
-0.00078125, -0.001388888888888889, 0
0.4734375, 0.5520833333333334, 0
0.487109375, 0.5104166666666666, 0
0.487109375, 0.5097222222222222, 0
-0.00078125, -0.001388888888888889, 0
0.519921875, 0.42291666666666666, 0
0.520703125, 0.4215277777777778, 0
0.53046875, 0.4, 0
-0.00078125, -0.001388888888888889, 0
0.546875, 0.37222222222222223, 0
0.551171875, 0.3638888888888889, 0
0.5546875, 0.35625, 0
0.560546875, 0.34652777777777777, 0
0.566796875, 0.3402777777777778, 0
0.57265625, 0.33402777777777776, 0
0.576953125, 0.33194444444444443, 0
0.580078125, 0.33055555555555555, 0
0.583203125, 0.32916666666666666, 0
0.587890625, 0.32916666666666666, 0
0.590625, 0.32013888888888886, 1
0.59296875, 0.3013888888888889, 0
0.59609375, 0.2875, 0
0.597265625, 0.28055555555555556, 0
0.6015625, 0.25555555555555554, 0
0.60234375, 0.2534722222222222, 0
0.6046875, 0.24027777777777778, 0
0.60703125, 0.23194444444444445, 0
0.60859375, 0.22361111111111112, 0
0.609765625, 0.21875, 0
0.61171875, 0.21458333333333332, 0
0.6140625, 0.20972222222222223, 0
0.61484375, 0.20555555555555555, 0
0.617578125, 0.20208333333333334, 0
0.619140625, 0.2, 0
0.62109375, 0.19791666666666666, 0
0.621875, 0.19791666666666666, 0
0.616015625, 0.2, 0
-0.00078125, -0.001388888888888889, 0
-0.00078125, -0.001388888888888889, 0
0.583203125, 0.2111111111111111, 0
-0.00078125, -0.001388888888888889, 0
-0.00078125, -0.001388888888888889, 0
-0.00078125, -0.001388888888888889, 0
0.550390625, 0.22569444444444445, 0
0.540625, 0.2326388888888889, 0
-0.00078125, -0.001388888888888889, 0
-0.00078125, -0.001388888888888889, 0
-0.00078125, -0.001388888888888889, 0
-0.00078125, -0.001388888888888889, 0
-0.00078125, -0.001388888888888889, 0
-0.00078125, -0.001388888888888889, 0
0.4765625, 0.2861111111111111, 0
-0.00078125, -0.001388888888888889, 0
-0.00078125, -0.001388888888888889, 0
0.455859375, 0.3104166666666667, 0
0.445703125, 0.32430555555555557, 0
0.43671875, 0.3375, 0
0.42578125, 0.35347222222222224, 0
0.422265625, 0.3590277777777778, 0
0.41640625, 0.36875, 0
0.405078125, 0.38819444444444445, 0
0.39609375, 0.4048611111111111, 0
0.385546875, 0.425, 0
-0.00078125, -0.001388888888888889, 0
0.3703125, 0.46111111111111114, 0
0.365625, 0.46944444444444444, 0
0.35625, 0.4909722222222222, 0
0.345703125, 0.5138888888888888, 0
0.336328125, 0.5409722222222222, 0
0.32578125, 0.5652777777777778, 0
-0.00078125, -0.001388888888888889, 0
-0.00078125, -0.001388888888888889, 0
0.31171875, 0.5666666666666667, 1
0.305859375, 0.5694444444444444, 0
0.29921875, 0.5743055555555555, 0
-0.00078125, -0.001388888888888889, 0
-0.00078125, -0.001388888888888889, 0
-0.00078125, -0.001388888888888889, 0
-0.00078125, -0.001388888888888889, 0
-0.00078125, -0.001388888888888889, 0
-0.00078125, -0.001388888888888889, 0
-0.00078125, -0.001388888888888889, 0
-0.00078125, -0.001388888888888889, 0
-0.00078125, -0.001388888888888889, 0
-0.00078125, -0.001388888888888889, 0
-0.00078125, -0.001388888888888889, 0
-0.00078125, -0.001388888888888889, 0
-0.00078125, -0.001388888888888889, 0
-0.00078125, -0.001388888888888889, 0
-0.00078125, -0.001388888888888889, 0
-0.00078125, -0.001388888888888889, 0
0.33046875, 0.49444444444444446, 0
0.344921875, 0.46805555555555556, 0
0.360546875, 0.44166666666666665, 0
0.374609375, 0.41805555555555557, 0
0.375390625, 0.4173611111111111, 0
0.3890625, 0.3951388888888889, 0
0.40234375, 0.375, 0
0.412890625, 0.36041666666666666, 0
-0.00078125, -0.001388888888888889, 0
-0.00078125, -0.001388888888888889, 0
0.441796875, 0.3236111111111111, 0
0.444140625, 0.32083333333333336, 0
0.453515625, 0.30972222222222223, 0
-0.00078125, -0.001388888888888889, 0
0.471875, 0.29305555555555557, 0
0.478515625, 0.2881944444444444, 0
-0.00078125, -0.001388888888888889, 0
-0.00078125, -0.001388888888888889, 0
0.496484375, 0.27569444444444446, 0
-0.00078125, -0.001388888888888889, 0
-0.00078125, -0.001388888888888889, 0
-0.00078125, -0.001388888888888889, 0
-0.00078125, -0.001388888888888889, 0
-0.00078125, -0.001388888888888889, 0
0.5296875, 0.2722222222222222, 0
0.535546875, 0.27361111111111114, 0
0.540625, 0.275, 0
0.543359375, 0.2777777777777778, 0
0.54765625, 0.28055555555555556, 0
0.5515625, 0.2826388888888889, 0
0.55625, 0.28680555555555554, 0
0.560546875, 0.2923611111111111, 0
0.563671875, 0.2826388888888889, 1
0.564453125, 0.27708333333333335, 0
0.565625, 0.26875, 0
-0.00078125, -0.001388888888888889, 0
0.570703125, 0.25, 0
0.573046875, 0.2423611111111111, 0
0.575390625, 0.23402777777777778, 0
0.576171875, 0.23125, 0
0.576953125, 0.22847222222222222, 0
0.579296875, 0.2222222222222222, 0
0.580859375, 0.21944444444444444, 0
0.5828125, 0.21944444444444444, 0
0.586328125, 0.225, 0
0.588671875, 0.22847222222222222, 0
0.58984375, 0.23125, 0
0.594140625, 0.24166666666666667, 0
-0.00078125, -0.001388888888888889, 0
-0.00078125, -0.001388888888888889, 0
0.607421875, 0.2847222222222222, 0
0.609765625, 0.29444444444444445, 0
0.61640625, 0.3194444444444444, 0
0.62109375, 0.3375, 0
0.62421875, 0.35, 0
-0.00078125, -0.001388888888888889, 0
0.6375, 0.4048611111111111, 0
0.641015625, 0.42777777777777776, 0
-0.00078125, -0.001388888888888889, 0
-0.00078125, -0.001388888888888889, 0
0.66015625, 0.5131944444444444, 0
0.66796875, 0.5520833333333334, 0
0.675390625, 0.59375, 0
-0.00078125, -0.001388888888888889, 0
-0.00078125, -0.001388888888888889, 0
0.69609375, 0.7041666666666667, 0
0.7015625, 0.7173611111111111, 0
0.707421875, 0.7173611111111111, 1
0.71328125, 0.7208333333333333, 0
0.71875, 0.7263888888888889, 0
0.721484375, 0.7291666666666666, 0
0.730078125, 0.7402777777777778, 0
0.733203125, 0.7444444444444445, 0
0.740234375, 0.7576388888888889, 0
0.746875, 0.7701388888888889, 0
0.7375, 0.7368055555555556, 0
-0.00078125, -0.001388888888888889, 0
-0.00078125, -0.001388888888888889, 0
0.70546875, 0.6402777777777777, 0
0.6921875, 0.6013888888888889, 0
0.680078125, 0.5652777777777778, 0
-0.00078125, -0.001388888888888889, 0
-0.00078125, -0.001388888888888889, 0
0.654296875, 0.49930555555555556, 0
0.644921875, 0.47638888888888886, 0
0.63515625, 0.45416666666666666, 0
0.625390625, 0.4326388888888889, 0
0.619921875, 0.42291666666666666, 0
0.61484375, 0.4125, 0
0.60703125, 0.3972222222222222, 0
0.601171875, 0.38263888888888886, 0
0.591015625, 0.36875, 0
0.583984375, 0.3576388888888889, 0
0.578515625, 0.3506944444444444, 0
0.576171875, 0.3472222222222222, 0
0.56484375, 0.3347222222222222, 0
0.562890625, 0.3326388888888889, 0
0.556640625, 0.3284722222222222, 0
0.550390625, 0.3229166666666667, 0
0.545703125, 0.32083333333333336, 0
0.541015625, 0.3194444444444444, 0
0.5375, 0.31666666666666665, 0
0.532421875, 0.31527777777777777, 0
0.527734375, 0.31527777777777777, 0
0.521484375, 0.3145833333333333, 0
-0.00078125, -0.001388888888888889, 0
-0.00078125, -0.001388888888888889, 0
0.511328125, 0.31875, 0
0.50625, 0.3215277777777778, 0
0.502734375, 0.325, 0
0.498046875, 0.3298611111111111, 0
-0.00078125, -0.001388888888888889, 0
0.491796875, 0.3326388888888889, 0
-0.00078125, -0.001388888888888889, 0
0.4859375, 0.3145833333333333, 1
0.4828125, 0.3020833333333333, 0
0.4796875, 0.28958333333333336, 0
0.476953125, 0.2833333333333333, 0
0.475, 0.27569444444444446, 0
0.47265625, 0.2673611111111111, 0
0.46953125, 0.2611111111111111, 0
0.4671875, 0.25625, 0
0.46484375, 0.25277777777777777, 0
0.46328125, 0.2513888888888889, 0
-0.00078125, -0.001388888888888889, 0
0.46484375, 0.25, 0
-0.00078125, -0.001388888888888889, 0
-0.00078125, -0.001388888888888889, 0
-0.00078125, -0.001388888888888889, 0
-0.00078125, -0.001388888888888889, 0
-0.00078125, -0.001388888888888889, 0
0.517578125, 0.31527777777777777, 0
-0.00078125, -0.001388888888888889, 0
0.541015625, 0.3597222222222222, 0
0.5390625, 0.3541666666666667, 0
0.565234375, 0.41388888888888886, 0
-0.00078125, -0.001388888888888889, 0
-0.00078125, -0.001388888888888889, 0
0.592578125, 0.4791666666666667, 0
0.6078125, 0.5159722222222223, 0
0.623046875, 0.5576388888888889, 0
-0.00078125, -0.001388888888888889, 0
0.652734375, 0.6451388888888889, 0
0.65234375, 0.6458333333333334, 0
-0.00078125, -0.001388888888888889, 0
-0.00078125, -0.001388888888888889, 0
0.698046875, 0.7430555555555556, 0
0.710546875, 0.7444444444444445, 1
-0.00078125, -0.001388888888888889, 0
-0.00078125, -0.001388888888888889, 0
0.7375, 0.75625, 0
-0.00078125, -0.001388888888888889, 0
-0.00078125, -0.001388888888888889, 0
-0.00078125, -0.001388888888888889, 0
0.741796875, 0.6659722222222222, 0
-0.00078125, -0.001388888888888889, 0
0.733984375, 0.6166666666666667, 0
0.726953125, 0.5791666666666667, 0
0.719140625, 0.5430555555555555, 0
0.71328125, 0.5125, 0
-0.00078125, -0.001388888888888889, 0
0.705859375, 0.47291666666666665, 0
0.702734375, 0.45625, 0
-0.00078125, -0.001388888888888889, 0
-0.00078125, -0.001388888888888889, 0
-0.00078125, -0.001388888888888889, 0
-0.00078125, -0.001388888888888889, 0
0.680859375, 0.3590277777777778, 0
0.67734375, 0.3458333333333333, 0
0.67421875, 0.3347222222222222, 0
0.671484375, 0.32569444444444445, 0
0.66953125, 0.32083333333333336, 0
0.66796875, 0.3138888888888889, 0
0.665234375, 0.30625, 0
0.66328125, 0.29930555555555555, 0
0.66015625, 0.29444444444444445, 0
0.658203125, 0.2902777777777778, 0
0.65625, 0.28958333333333336, 0
0.65546875, 0.2881944444444444, 0
0.654296875, 0.2861111111111111, 0
-0.00078125, -0.001388888888888889, 0
0.63046875, 0.29583333333333334, 0
0.633984375, 0.3020833333333333, 0
0.637109375, 0.30833333333333335, 0
0.639453125, 0.3125, 0
0.64140625, 0.3125, 0
0.6453125, 0.3138888888888889, 0
0.6, 0.30972222222222223, 0
0.591015625, 0.31805555555555554, 0
-0.00078125, -0.001388888888888889, 0
0.581640625, 0.3277777777777778, 0
-0.00078125, -0.001388888888888889, 0
0.5625, 0.34652777777777777, 0
0.553515625, 0.3597222222222222, 0
-0.00078125, -0.001388888888888889, 0
-0.00078125, -0.001388888888888889, 0
-0.00078125, -0.001388888888888889, 0
0.52109375, 0.40694444444444444, 0
0.5125, 0.42083333333333334, 0
-0.00078125, -0.001388888888888889, 0
0.49140625, 0.46111111111111114, 0
0.482421875, 0.47430555555555554, 0
-0.00078125, -0.001388888888888889, 0
0.46875, 0.5006944444444444, 0
0.461328125, 0.4979166666666667, 1
0.453515625, 0.4895833333333333, 0
0.448828125, 0.48541666666666666, 0
0.442578125, 0.48194444444444445, 0
0.4390625, 0.4798611111111111, 0
0.4328125, 0.4756944444444444, 0
