0.58671875, 0.4826388888888889, 0
0.585546875, 0.4673611111111111, 0
0.585546875, 0.4548611111111111, 0
0.584375, 0.44166666666666665, 0
0.58359375, 0.4305555555555556, 0
0.583203125, 0.42083333333333334, 0
0.582421875, 0.41180555555555554, 0
0.581640625, 0.4041666666666667, 0
0.580859375, 0.39791666666666664, 0
0.580078125, 0.39305555555555555, 0
0.579296875, 0.38819444444444445, 0
0.578515625, 0.3854166666666667, 2
0.64296875, 0.7, 0
0.57734375, 0.38333333333333336, 0
0.576171875, 0.3840277777777778, 0
0.57578125, 0.3861111111111111, 0
0.575, 0.3909722222222222, 0
0.57421875, 0.3951388888888889, 0
0.5734375, 0.40069444444444446, 0
0.57265625, 0.4083333333333333, 0
0.571875, 0.41597222222222224, 0
0.571484375, 0.42569444444444443, 0
0.5703125, 0.4354166666666667, 0
0.569921875, 0.44722222222222224, 0
0.569140625, 0.4597222222222222, 0
0.56875, 0.47430555555555554, 0
0.56796875, 0.48819444444444443, 0
0.5671875, 0.5048611111111111, 0
0.56484375, 0.51875, 0
0.545703125, 0.48194444444444445, 0
0.53046875, 0.45069444444444445, 0
0.511328125, 0.41875, 0
0.4984375, 0.3951388888888889, 0
0.48515625, 0.37569444444444444, 0
0.4734375, 0.3597222222222222, 0
-0.00078125, -0.001388888888888889, 0
0.452734375, 0.33541666666666664, 0
0.44453125, 0.32708333333333334, 0
0.43671875, 0.32083333333333336, 0
0.42890625, 0.3145833333333333, 0
0.421875, 0.3111111111111111, 0
0.41484375, 0.30833333333333335, 0
0.40859375, 0.30625, 0
0.40390625, 0.2861111111111111, 1
0.399609375, 0.2652777777777778, 0
0.395703125, 0.24513888888888888, 0
-0.00078125, -0.001388888888888889, 0
-0.00078125, -0.001388888888888889, 0
0.38203125, 0.1951388888888889, 0
0.379296875, 0.17916666666666667, 0
-0.00078125, -0.001388888888888889, 0
-0.00078125, -0.001388888888888889, 0
-0.00078125, -0.001388888888888889, 0
-0.00078125, -0.001388888888888889, 0
0.373046875, 0.15694444444444444, 0
0.375, 0.15902777777777777, 0
-0.00078125, -0.001388888888888889, 0
0.378125, 0.16805555555555557, 0
0.3796875, 0.17430555555555555, 0
0.381640625, 0.1798611111111111, 0
-0.00078125, -0.001388888888888889, 0
-0.00078125, -0.001388888888888889, 0
-0.00078125, -0.001388888888888889, 0
-0.00078125, -0.001388888888888889, 0
-0.00078125, -0.001388888888888889, 0
-0.00078125, -0.001388888888888889, 0
0.39453125, 0.25416666666666665, 0
0.395703125, 0.26805555555555555, 0
0.398046875, 0.2833333333333333, 0
0.383203125, 0.059722222222222225, 0
0.4015625, 0.31875, 0
0.403515625, 0.3368055555555556, 0
0.40546875, 0.35694444444444445, 0
0.40703125, 0.37916666666666665, 0
0.409375, 0.4041666666666667, 0
0.411328125, 0.4305555555555556, 0
0.412890625, 0.45694444444444443, 0
0.4140625, 0.4861111111111111, 0
0.415625, 0.5180555555555556, 0
0.41796875, 0.55, 0
0.419921875, 0.5854166666666667, 0
0.422265625, 0.6229166666666667, 0
0.42421875, 0.6604166666666667, 0
0.426171875, 0.7, 0
0.427734375, 0.7423611111111111, 0
0.430078125, 0.7715277777777778, 0
0.431640625, 0.7729166666666667, 1
0.4328125, 0.7743055555555556, 0
0.434765625, 0.7777777777777778, 0
0.436328125, 0.7826388888888889, 0
-0.00078125, -0.001388888888888889, 0
0.439453125, 0.7958333333333333, 0
-0.00078125, -0.001388888888888889, 0
-0.00078125, -0.001388888888888889, 0
0.45703125, 0.7131944444444445, 0
0.46640625, 0.65625, 0
0.475, 0.6090277777777777, 0
0.482421875, 0.5652777777777778, 0
0.48828125, 0.525, 0
0.494921875, 0.49166666666666664, 0
0.50078125, 0.46111111111111114, 0
0.50703125, 0.43333333333333335, 0
-0.00078125, -0.001388888888888889, 0
-0.00078125, -0.001388888888888889, 0
0.520703125, 0.37222222222222223, 0
-0.00078125, -0.001388888888888889, 0
-0.00078125, -0.001388888888888889, 0
0.53203125, 0.3263888888888889, 0
-0.00078125, -0.001388888888888889, 0
0.5390625, 0.30625, 0
-0.00078125, -0.001388888888888889, 0
-0.00078125, -0.001388888888888889, 0
0.548046875, 0.28541666666666665, 0
-0.00078125, -0.001388888888888889, 0
0.553125, 0.27708333333333335, 0
0.55546875, 0.27569444444444446, 0
0.5578125, 0.27361111111111114, 0
0.56015625, 0.27291666666666664, 0
0.562109375, 0.27291666666666664, 0
0.56328125, 0.25972222222222224, 1
0.56484375, 0.24513888888888888, 0
0.566015625, 0.23055555555555557, 0
0.568359375, 0.22013888888888888, 0
0.56953125, 0.20694444444444443, 0
0.5703125, 0.19722222222222222, 0
0.571484375, 0.18888888888888888, 0
0.57265625, 0.18055555555555555, 0
0.57421875, 0.1736111111111111, 0
-0.00078125, -0.001388888888888889, 0
-0.00078125, -0.001388888888888889, 0
0.575, 0.16111111111111112, 0
-0.00078125, -0.001388888888888889, 0
-0.00078125, -0.001388888888888889, 0
-0.00078125, -0.001388888888888889, 0
-0.00078125, -0.001388888888888889, 0
0.545703125, 0.1986111111111111, 0
-0.00078125, -0.001388888888888889, 0
-0.00078125, -0.001388888888888889, 0
-0.00078125, -0.001388888888888889, 0
0.519140625, 0.2465277777777778, 0
0.511328125, 0.26180555555555557, 0
0.5046875, 0.2777777777777778, 0
0.496484375, 0.2972222222222222, 0
0.4890625, 0.31805555555555554, 0
0.48125, 0.3388888888888889, 0
0.4734375, 0.3611111111111111, 0
0.465234375, 0.38472222222222224, 0
0.45625, 0.4111111111111111, 0
0.448046875, 0.43819444444444444, 0
0.4390625, 0.4673611111111111, 0
0.430078125, 0.5006944444444444, 0
0.4203125, 0.5347222222222222, 0
0.411328125, 0.5694444444444444, 0
0.4015625, 0.6076388888888888, 0
0.391015625, 0.6493055555555556, 0
0.380859375, 0.6923611111111111, 0
0.371484375, 0.7159722222222222, 0
-0.00078125, -0.001388888888888889, 1
0.35390625, 0.7333333333333333, 0
0.344921875, 0.7430555555555556, 0
0.33515625, 0.7548611111111111, 0
0.32578125, 0.7694444444444445, 0
0.31640625, 0.7861111111111111, 0
-0.00078125, -0.001388888888888889, 0
-0.00078125, -0.001388888888888889, 0
0.340234375, 0.70625, 0
0.36171875, 0.65, 0
0.380078125, 0.6006944444444444, 0
0.398046875, 0.5555555555555556, 0
0.413671875, 0.5152777777777777, 0
0.427734375, 0.48055555555555557, 0
0.44140625, 0.45069444444444445, 0
0.453515625, 0.42430555555555555, 0
0.465234375, 0.4, 0
0.475390625, 0.37916666666666665, 0
0.485546875, 0.36041666666666666, 0
0.494921875, 0.34305555555555556, 0
0.503125, 0.3298611111111111, 0
0.5109375, 0.3173611111111111, 0
0.518359375, 0.30625, 0
-0.00078125, -0.001388888888888889, 0
-0.00078125, -0.001388888888888889, 0
-0.00078125, -0.001388888888888889, 0
0.54375, 0.2743055555555556, 0
0.5484375, 0.26944444444444443, 0
0.55390625, 0.2659722222222222, 0
0.55859375, 0.2625, 0
0.5625, 0.25972222222222224, 0
0.5671875, 0.2534722222222222, 0
0.569921875, 0.2388888888888889, 1
0.5734375, 0.225, 0
-0.00078125, -0.001388888888888889, 0
-0.00078125, -0.001388888888888889, 0
-0.00078125, -0.001388888888888889, 0
0.584765625, 0.18125, 0
0.586328125, 0.1736111111111111, 0
-0.00078125, -0.001388888888888889, 0
-0.00078125, -0.001388888888888889, 0
-0.00078125, -0.001388888888888889, 0
-0.00078125, -0.001388888888888889, 0
-0.00078125, -0.001388888888888889, 0
-0.00078125, -0.001388888888888889, 0
-0.00078125, -0.001388888888888889, 0
-0.00078125, -0.001388888888888889, 0
-0.00078125, -0.001388888888888889, 0
0.565234375, 0.22361111111111112, 0
-0.00078125, -0.001388888888888889, 0
0.558984375, 0.24861111111111112, 0
0.555859375, 0.26180555555555557, 0
0.551953125, 0.27708333333333335, 0
0.549609375, 0.2923611111111111, 0
0.545703125, 0.30972222222222223, 0
0.542578125, 0.3284722222222222, 0
-0.00078125, -0.001388888888888889, 0
-0.00078125, -0.001388888888888889, 0
-0.00078125, -0.001388888888888889, 0
-0.00078125, -0.001388888888888889, 0
0.524609375, 0.44305555555555554, 0
0.52109375, 0.4701388888888889, 0
0.517578125, 0.49930555555555556, 0
0.51328125, 0.5305555555555556, 0
0.509765625, 0.5638888888888889, 0
-0.00078125, -0.001388888888888889, 0
0.503125, 0.59375, 0
0.499609375, 0.5993055555555555, 1
0.496484375, 0.6055555555555555, 0
0.49296875, 0.6145833333333334, 0
0.48984375, 0.6243055555555556, 0
0.48671875, 0.6368055555555555, 0
0.4828125, 0.6486111111111111, 0
0.47890625, 0.6645833333333333, 0
0.47578125, 0.6805555555555556, 0
-0.00078125, -0.001388888888888889, 0
-0.00078125, -0.001388888888888889, 0
0.464453125, 0.7402777777777778, 0
0.4609375, 0.7631944444444444, 0
0.457421875, 0.7909722222222222, 0
-0.00078125, -0.001388888888888889, 0
0.458203125, 0.7694444444444445, 0
-0.00078125, -0.001388888888888889, 0
0.46484375, 0.6868055555555556, 0
0.46875, 0.6513888888888889, 0
0.471875, 0.6166666666666667, 0
-0.00078125, -0.001388888888888889, 0
0.4765625, 0.5583333333333333, 0
0.47890625, 0.53125, 0
0.48125, 0.5076388888888889, 0
0.482421875, 0.4861111111111111, 0
0.483984375, 0.46597222222222223, 0
0.4859375, 0.4479166666666667, 0
0.48671875, 0.4305555555555556, 0
0.4875, 0.41458333333333336, 0
0.48828125, 0.40069444444444446, 0
0.4890625, 0.3875, 0
0.4890625, 0.37569444444444444, 0
0.490234375, 0.36527777777777776, 0
0.48984375, 0.35625, 0
0.490234375, 0.3472222222222222, 0
0.490625, 0.3416666666666667, 0
0.490625, 0.33541666666666664, 0
0.490625, 0.32916666666666666, 0
0.490625, 0.325, 0
0.490625, 0.32083333333333336, 0
0.490234375, 0.31805555555555554, 0
0.48984375, 0.3159722222222222, 0
0.489453125, 0.3145833333333333, 0
0.4890625, 0.3138888888888889, 0
0.4890625, 0.3138888888888889, 0
0.48828125, 0.3145833333333333, 0
0.4875, 0.31527777777777777, 0
0.4875, 0.3173611111111111, 0
0.48671875, 0.31805555555555554, 0
0.4859375, 0.3215277777777778, 0
0.48515625, 0.31805555555555554, 1
0.483203125, 0.30833333333333335, 0
0.48203125, 0.29791666666666666, 0
0.480859375, 0.28888888888888886, 0
0.47890625, 0.2826388888888889, 0
0.47734375, 0.2743055555555556, 0
0.47578125, 0.26805555555555555, 0
0.474609375, 0.26319444444444445, 0
0.473046875, 0.25763888888888886, 0
0.471875, 0.2534722222222222, 0
0.4703125, 0.24930555555555556, 0
0.46953125, 0.24722222222222223, 0
0.46796875, 0.24513888888888888, 0
0.466796875, 0.24375, 0
0.465625, 0.24375, 0
0.4640625, 0.24444444444444444, 0
0.4625, 0.24513888888888888, 0
0.461328125, 0.24722222222222223, 0
0.46015625, 0.24930555555555556, 0
-0.00078125, -0.001388888888888889, 0
0.457421875, 0.25555555555555554, 0
0.458984375, 0.25763888888888886, 0
0.460546875, 0.2569444444444444, 0
0.462109375, 0.2590277777777778, 0
0.46328125, 0.2625, 0
0.4640625, 0.2652777777777778, 0
0.465234375, 0.26875, 0
0.466015625, 0.27361111111111114, 0
0.4671875, 0.2791666666666667, 0
0.468359375, 0.28541666666666665, 0
0.469140625, 0.29097222222222224, 0
0.469921875, 0.3, 0
0.4703125, 0.3090277777777778, 0
0.47109375, 0.31805555555555554, 0
0.471875, 0.3284722222222222, 0
0.47265625, 0.33958333333333335, 0
0.473046875, 0.3527777777777778, 0
0.4734375, 0.36527777777777776, 0
0.4734375, 0.3784722222222222, 0
0.47421875, 0.39305555555555555, 0
-0.00078125, -0.001388888888888889, 0
0.475, 0.42777777777777776, 0
0.474609375, 0.4465277777777778, 0
0.475, 0.46458333333333335, 0
0.474609375, 0.4861111111111111, 0
0.475, 0.5076388888888889, 0
0.475, 0.5319444444444444, 0
0.475, 0.5583333333333333, 0
0.475, 0.5833333333333334, 0
-0.00078125, -0.001388888888888889, 0
0.475, 0.6416666666666667, 0
0.47421875, 0.6611111111111111, 0
0.47265625, 0.6631944444444444, 1
0.47109375, 0.6659722222222222, 0
0.469921875, 0.6694444444444444, 0
0.468359375, 0.6729166666666667, 0
0.466796875, 0.6791666666666667, 0
0.465234375, 0.6868055555555556, 0
0.463671875, 0.6944444444444444, 0
0.46171875, 0.7048611111111112, 0
0.46015625, 0.7152777777777778, 0
-0.00078125, -0.001388888888888889, 0
0.458984375, 0.6520833333333333, 0
0.45859375, 0.6020833333333333, 0
0.458203125, 0.5520833333333334, 0
0.45859375, 0.5104166666666666, 0
0.45859375, 0.4736111111111111, 0
0.45859375, 0.44305555555555554, 0
0.45859375, 0.41041666666666665, 0
0.45859375, 0.3875, 0
0.458984375, 0.3645833333333333, 0
0.459375, 0.3423611111111111, 0
0.459765625, 0.32708333333333334, 0
0.459765625, 0.3111111111111111, 0
0.460546875, 0.2972222222222222, 0
0.46015625, 0.28541666666666665, 0
0.460546875, 0.275, 0
0.459765625, 0.2659722222222222, 0
-0.00078125, -0.001388888888888889, 0
-0.00078125, -0.001388888888888889, 0
0.4578125, 0.26805555555555555, 0
-0.00078125, -0.001388888888888889, 0
0.457421875, 0.2763888888888889, 0
-0.00078125, -0.001388888888888889, 0
0.454296875, 0.2875, 0
-0.00078125, -0.001388888888888889, 0
0.451953125, 0.30277777777777776, 0
0.4515625, 0.3125, 0
-0.00078125, -0.001388888888888889, 0
0.449609375, 0.3333333333333333, 0
0.4484375, 0.3451388888888889, 0
0.448046875, 0.3590277777777778, 0
0.446875, 0.3736111111111111, 0
0.445703125, 0.3888888888888889, 0
0.4453125, 0.40555555555555556, 0
0.444140625, 0.42430555555555555, 0
0.443359375, 0.44305555555555554, 0
0.4421875, 0.46319444444444446, 0
0.441796875, 0.48541666666666666, 0
0.440234375, 0.5090277777777777, 0
0.43984375, 0.5340277777777778, 0
0.4390625, 0.5604166666666667, 0
0.4390625, 0.5888888888888889, 0
0.437890625, 0.6194444444444445, 0
0.437109375, 0.6513888888888889, 0
0.436328125, 0.6847222222222222, 0
0.435546875, 0.71875, 0
0.434765625, 0.7555555555555555, 0
0.434375, 0.7784722222222222, 0
0.43359375, 0.7763888888888889, 0
-0.00078125, -0.001388888888888889, 0
0.438671875, 0.6701388888888888, 0
0.44140625, 0.6180555555555556, 0
0.444140625, 0.5708333333333333, 0
0.446484375, 0.5277777777777778, 0
0.448828125, 0.4861111111111111, 0
0.451171875, 0.44930555555555557, 0
0.453515625, 0.4111111111111111, 0
0.45625, 0.37777777777777777, 0
0.4578125, 0.3458333333333333, 0
0.460546875, 0.31805555555555554, 0
0.462890625, 0.2881944444444444, 0
0.46484375, 0.2638888888888889, 0
0.467578125, 0.24166666666666667, 0
0.46953125, 0.21944444444444444, 0
0.471875, 0.19791666666666666, 0
0.4734375, 0.17916666666666667, 0
0.476171875, 0.16111111111111112, 0
0.477734375, 0.14583333333333334, 0
-0.00078125, -0.001388888888888889, 0
0.4828125, 0.11875, 0
0.484375, 0.10625, 0
0.48671875, 0.09513888888888888, 0
0.488671875, 0.08611111111111111, 0
-0.00078125, -0.001388888888888889, 0
0.492578125, 0.06944444444444445, 0
0.49453125, 0.06319444444444444, 0
0.49609375, 0.05763888888888889, 0
0.4984375, 0.05347222222222222, 0
0.5, 0.050694444444444445, 0
0.5015625, 0.04791666666666667, 0
0.503515625, 0.04583333333333333, 0
0.50546875, 0.04583333333333333, 0
0.50703125, 0.04583333333333333, 0
0.50859375, 0.04583333333333333, 0
0.51015625, 0.04722222222222222, 0
-0.00078125, -0.001388888888888889, 0
-0.00078125, -0.001388888888888889, 0
-0.00078125, -0.001388888888888889, 0
-0.00078125, -0.001388888888888889, 0
-0.00078125, -0.001388888888888889, 0
-0.00078125, -0.001388888888888889, 0
-0.00078125, -0.001388888888888889, 0
-0.00078125, -0.001388888888888889, 0
-0.00078125, -0.001388888888888889, 0
-0.00078125, -0.001388888888888889, 0
-0.00078125, -0.001388888888888889, 0
-0.00078125, -0.001388888888888889, 0
-0.00078125, -0.001388888888888889, 0
-0.00078125, -0.001388888888888889, 0
0.532421875, 0.14166666666666666, 0
0.53359375, 0.15138888888888888, 0
0.534375, 0.16180555555555556, 0
0.5359375, 0.17222222222222222, 0
-0.00078125, -0.001388888888888889, 0
-0.00078125, -0.001388888888888889, 0
-0.00078125, -0.001388888888888889, 0
-0.00078125, -0.001388888888888889, 0
0.541796875, 0.23125, 0
-0.00078125, -0.001388888888888889, 0
-0.00078125, -0.001388888888888889, 0
0.544140625, 0.19305555555555556, 1
0.544921875, 0.18194444444444444, 0
0.545703125, 0.17083333333333334, 0
0.547265625, 0.15902777777777777, 0
0.54765625, 0.14930555555555555, 0
-0.00078125, -0.001388888888888889, 0
-0.00078125, -0.001388888888888889, 0
-0.00078125, -0.001388888888888889, 0
-0.00078125, -0.001388888888888889, 0
0.551953125, 0.10833333333333334, 0
0.553125, 0.10277777777777777, 0
0.553515625, 0.09722222222222222, 0
-0.00078125, -0.001388888888888889, 0
0.555859375, 0.08958333333333333, 0
-0.00078125, -0.001388888888888889, 0
-0.00078125, -0.001388888888888889, 0
0.558203125, 0.08194444444444444, 0
0.558984375, 0.08125, 0
0.559765625, 0.0798611111111111, 0
0.560546875, 0.0798611111111111, 0
0.56171875, 0.0798611111111111, 0
0.56171875, 0.08125, 0
0.562890625, 0.08333333333333333, 0
0.56328125, 0.08541666666666667, 0
0.56484375, 0.08958333333333333, 0
0.56484375, 0.09305555555555556, 0
0.566015625, 0.09722222222222222, 0
0.56640625, 0.10069444444444445, 0
0.5671875, 0.10694444444444444, 0
-0.00078125, -0.001388888888888889, 0
-0.00078125, -0.001388888888888889, 0
-0.00078125, -0.001388888888888889, 0
-0.00078125, -0.001388888888888889, 0
-0.00078125, -0.001388888888888889, 0
-0.00078125, -0.001388888888888889, 0
-0.00078125, -0.001388888888888889, 0
-0.00078125, -0.001388888888888889, 0
-0.00078125, -0.001388888888888889, 0
-0.00078125, -0.001388888888888889, 0
-0.00078125, -0.001388888888888889, 0
-0.00078125, -0.001388888888888889, 0
-0.00078125, -0.001388888888888889, 0
-0.00078125, -0.001388888888888889, 0
-0.00078125, -0.001388888888888889, 0
-0.00078125, -0.001388888888888889, 0
-0.00078125, -0.001388888888888889, 0
-0.00078125, -0.001388888888888889, 0
-0.00078125, -0.001388888888888889, 0
-0.00078125, -0.001388888888888889, 0
-0.00078125, -0.001388888888888889, 0
-0.00078125, -0.001388888888888889, 0
-0.00078125, -0.001388888888888889, 0
-0.00078125, -0.001388888888888889, 0
-0.00078125, -0.001388888888888889, 0
-0.00078125, -0.001388888888888889, 0
-0.00078125, -0.001388888888888889, 0
-0.00078125, -0.001388888888888889, 0
-0.00078125, -0.001388888888888889, 0
-0.00078125, -0.001388888888888889, 0
-0.00078125, -0.001388888888888889, 0
-0.00078125, -0.001388888888888889, 0
-0.00078125, -0.001388888888888889, 0
-0.00078125, -0.001388888888888889, 0
-0.00078125, -0.001388888888888889, 0
-0.00078125, -0.001388888888888889, 0
-0.00078125, -0.001388888888888889, 0
-0.00078125, -0.001388888888888889, 0
-0.00078125, -0.001388888888888889, 0
-0.00078125, -0.001388888888888889, 0
-0.00078125, -0.001388888888888889, 0
-0.00078125, -0.001388888888888889, 0
-0.00078125, -0.001388888888888889, 0
-0.00078125, -0.001388888888888889, 0
-0.00078125, -0.001388888888888889, 0
-0.00078125, -0.001388888888888889, 0
-0.00078125, -0.001388888888888889, 0
-0.00078125, -0.001388888888888889, 0
-0.00078125, -0.001388888888888889, 0
-0.00078125, -0.001388888888888889, 0
-0.00078125, -0.001388888888888889, 0
-0.00078125, -0.001388888888888889, 0
-0.00078125, -0.001388888888888889, 0
-0.00078125, -0.001388888888888889, 0
-0.00078125, -0.001388888888888889, 0
-0.00078125, -0.001388888888888889, 0
-0.00078125, -0.001388888888888889, 0
-0.00078125, -0.001388888888888889, 0
-0.00078125, -0.001388888888888889, 0
-0.00078125, -0.001388888888888889, 0
-0.00078125, -0.001388888888888889, 0
-0.00078125, -0.001388888888888889, 0
-0.00078125, -0.001388888888888889, 0
0.731640625, 0.1423611111111111, 0
0.734375, 0.17777777777777778, 0
0.73671875, 0.21319444444444444, 0
0.739453125, 0.25069444444444444, 0
0.74140625, 0.2881944444444444, 0
-0.00078125, -0.001388888888888889, 0
-0.00078125, -0.001388888888888889, 0
-0.00078125, -0.001388888888888889, 0
0.751953125, 0.4513888888888889, 0
0.754296875, 0.49444444444444446, 0
0.757421875, 0.5388888888888889, 0
0.759765625, 0.5854166666666667, 0
0.76171875, 0.6298611111111111, 0
0.764453125, 0.6763888888888889, 0
-0.00078125, -0.001388888888888889, 0
-0.00078125, -0.001388888888888889, 0
0.7703125, 0.725, 0
0.773046875, 0.7055555555555556, 1
0.77578125, 0.6868055555555556, 0
0.77890625, 0.6659722222222222, 0
0.781640625, 0.6479166666666667, 0
0.783984375, 0.6298611111111111, 0
0.78671875, 0.6131944444444445, 0
0.7890625, 0.5979166666666667, 0
0.791015625, 0.5826388888888889, 0
0.793359375, 0.5708333333333333, 0
0.796484375, 0.5548611111111111, 0
0.7984375, 0.5451388888888888, 0
0.801171875, 0.5354166666666667, 0
0.803515625, 0.5263888888888889, 0
0.80625, 0.5180555555555556, 0
0.80859375, 0.5111111111111111, 0
0.81015625, 0.50625, 0
-0.00078125, -0.001388888888888889, 0
0.81484375, 0.4986111111111111, 0
0.8171875, 0.4965277777777778, 0
0.81953125, 0.4965277777777778, 0
0.821484375, 0.49722222222222223, 0
0.823828125, 0.49930555555555556, 0
0.826171875, 0.5027777777777778, 0
0.828125, 0.5083333333333333, 0
0.830078125, 0.5138888888888888, 0
0.83203125, 0.5208333333333334, 0
0.834375, 0.5305555555555556, 0
0.83671875, 0.5402777777777777, 0
0.83828125, 0.5534722222222223, 0
0.83984375, 0.5652777777777778, 0
0.8421875, 0.5805555555555556, 0
0.84375, 0.5979166666666667, 0
0.8453125, 0.6152777777777778, 0
0.846875, 0.6333333333333333, 0
0.848828125, 0.6541666666666667, 0
0.85078125, 0.6756944444444445, 0
0.851953125, 0.6993055555555555, 0
0.85390625, 0.7229166666666667, 0
0.855078125, 0.7486111111111111, 0
0.85625, 0.7763888888888889, 0
0.85703125, 0.7944444444444444, 0
0.841796875, 0.7208333333333333, 0
0.82890625, 0.6513888888888889, 0
0.8140625, 0.5805555555555556, 0
0.80078125, 0.5166666666666667, 0
0.78828125, 0.45694444444444443, 0
0.77734375, 0.4048611111111111, 0
0.766796875, 0.3541666666666667, 0
0.755859375, 0.3090277777777778, 0
0.746875, 0.2659722222222222, 0
0.737890625, 0.22708333333333333, 0
0.7296875, 0.1909722222222222, 0
0.721875, 0.15763888888888888, 0
0.715234375, 0.12708333333333333, 0
-0.00078125, -0.001388888888888889, 0
-0.00078125, -0.001388888888888889, 0
-0.00078125, -0.001388888888888889, 0
0.6875, 0.030555555555555555, 0
0.682421875, 0.013888888888888888, 0
-0.00078125, -0.001388888888888889, 0
-0.00078125, -0.001388888888888889, 0
-0.00078125, -0.001388888888888889, 0
-0.00078125, -0.001388888888888889, 0
-0.00078125, -0.001388888888888889, 0
-0.00078125, -0.001388888888888889, 0
-0.00078125, -0.001388888888888889, 0
-0.00078125, -0.001388888888888889, 0
-0.00078125, -0.001388888888888889, 0
-0.00078125, -0.001388888888888889, 0
-0.00078125, -0.001388888888888889, 0
-0.00078125, -0.001388888888888889, 0
-0.00078125, -0.001388888888888889, 0
-0.00078125, -0.001388888888888889, 0
-0.00078125, -0.001388888888888889, 0
-0.00078125, -0.001388888888888889, 0
0.51640625, 0.20347222222222222, 0
-0.00078125, -0.001388888888888889, 0
-0.00078125, -0.001388888888888889, 0
-0.00078125, -0.001388888888888889, 0
-0.00078125, -0.001388888888888889, 0
-0.00078125, -0.001388888888888889, 0
-0.00078125, -0.001388888888888889, 0
-0.00078125, -0.001388888888888889, 0
-0.00078125, -0.001388888888888889, 0
-0.00078125, -0.001388888888888889, 0
-0.00078125, -0.001388888888888889, 0
-0.00078125, -0.001388888888888889, 0
-0.00078125, -0.001388888888888889, 0
-0.00078125, -0.001388888888888889, 0
-0.00078125, -0.001388888888888889, 0
-0.00078125, -0.001388888888888889, 0
-0.00078125, -0.001388888888888889, 0
-0.00078125, -0.001388888888888889, 0
-0.00078125, -0.001388888888888889, 0
0.584375, 0.13958333333333334, 0
0.58359375, 0.15555555555555556, 0
0.581640625, 0.16944444444444445, 0
-0.00078125, -0.001388888888888889, 0
0.58046875, 0.19930555555555557, 0
0.5796875, 0.2152777777777778, 0
0.57890625, 0.2298611111111111, 0
0.57890625, 0.24583333333333332, 0
0.578125, 0.2604166666666667, 0
0.57734375, 0.24722222222222223, 1
0.57734375, 0.23055555555555557, 0
-0.00078125, -0.001388888888888889, 0
0.577734375, 0.19930555555555557, 0
0.57734375, 0.18541666666666667, 0
-0.00078125, -0.001388888888888889, 0
0.57734375, 0.1597222222222222, 0
-0.00078125, -0.001388888888888889, 0
-0.00078125, -0.001388888888888889, 0
-0.00078125, -0.001388888888888889, 0
-0.00078125, -0.001388888888888889, 0
-0.00078125, -0.001388888888888889, 0
-0.00078125, -0.001388888888888889, 0
0.576171875, 0.09583333333333334, 0
0.576171875, 0.08888888888888889, 0
0.57578125, 0.08333333333333333, 0
0.5765625, 0.07847222222222222, 0
0.57578125, 0.07430555555555556, 0
-0.00078125, -0.001388888888888889, 0
0.575390625, 0.07013888888888889, 0
0.575, 0.06597222222222222, 0
0.575, 0.06458333333333334, 0
0.575, 0.06388888888888888, 0
0.575, 0.06388888888888888, 0
0.574609375, 0.06388888888888888, 0
0.573828125, 0.06319444444444444, 0
0.5734375, 0.06458333333333334, 0
0.573046875, 0.06527777777777778, 0
0.57265625, 0.06805555555555555, 0
0.57265625, 0.07013888888888889, 0
0.571875, 0.07430555555555556, 0
0.57109375, 0.07847222222222222, 0
0.571484375, 0.08194444444444444, 0
0.570703125, 0.08680555555555555, 0
0.570703125, 0.09097222222222222, 0
0.569921875, 0.09930555555555555, 0
0.569140625, 0.10416666666666667, 0
-0.00078125, -0.001388888888888889, 0
-0.00078125, -0.001388888888888889, 0
-0.00078125, -0.001388888888888889, 0
-0.00078125, -0.001388888888888889, 0
-0.00078125, -0.001388888888888889, 0
0.5546875, 0.13958333333333334, 0
-0.00078125, -0.001388888888888889, 0
0.545703125, 0.15555555555555556, 0
0.54140625, 0.16458333333333333, 0
0.537109375, 0.1763888888888889, 0
0.53203125, 0.1875, 0
-0.00078125, -0.001388888888888889, 0
-0.00078125, -0.001388888888888889, 0
0.51640625, 0.23194444444444445, 0
0.511328125, 0.24861111111111112, 0
0.50625, 0.26805555555555555, 0
0.5, 0.28958333333333336, 0
0.494921875, 0.31180555555555556, 0
0.489453125, 0.3347222222222222, 0
0.4828125, 0.35833333333333334, 0
0.476953125, 0.3840277777777778, 0
0.4703125, 0.41180555555555554, 0
0.462890625, 0.44166666666666665, 0
0.45703125, 0.4722222222222222, 0
0.45, 0.5055555555555555, 0
0.444140625, 0.5326388888888889, 0
0.4390625, 0.5326388888888889, 1
0.433984375, 0.5333333333333333, 0
0.428515625, 0.5361111111111111, 0
0.423828125, 0.5402777777777777, 0
0.418359375, 0.5451388888888888, 0
0.41328125, 0.5506944444444445, 0
0.407421875, 0.5576388888888889, 0
0.401953125, 0.5666666666666667, 0
0.39609375, 0.5763888888888888, 0
0.390234375, 0.5881944444444445, 0
0.383984375, 0.6006944444444444, 0
0.377734375, 0.6159722222222223, 0
0.371875, 0.6319444444444444, 0
0.365625, 0.6493055555555556, 0
0.358984375, 0.66875, 0
0.35234375, 0.6888888888888889, 0
0.345703125, 0.7111111111111111, 0
0.33984375, 0.7368055555555556, 0
-0.00078125, -0.001388888888888889, 0
0.32734375, 0.7854166666666667, 0
-0.00078125, -0.001388888888888889, 0
0.3625, 0.6645833333333333, 0
0.378125, 0.6125, 0
0.391015625, 0.5694444444444444, 0
0.40546875, 0.5270833333333333, 0
0.417578125, 0.4909722222222222, 0
0.428515625, 0.4583333333333333, 0
0.43828125, 0.42916666666666664, 0
0.44765625, 0.40625, 0
0.455859375, 0.38333333333333336, 0
0.464453125, 0.3645833333333333, 0
0.472265625, 0.3472222222222222, 0
0.48046875, 0.33125, 0
0.48671875, 0.31875, 0
0.492578125, 0.30694444444444446, 0
0.498828125, 0.2972222222222222, 0
0.503515625, 0.2902777777777778, 0
-0.00078125, -0.001388888888888889, 0
0.5140625, 0.275, 0
0.519140625, 0.2708333333333333, 0
0.5234375, 0.2673611111111111, 0
-0.00078125, -0.001388888888888889, 0
0.53203125, 0.2638888888888889, 0
-0.00078125, -0.001388888888888889, 0
-0.00078125, -0.001388888888888889, 0
-0.00078125, -0.001388888888888889, 0
-0.00078125, -0.001388888888888889, 0
0.5484375, 0.24722222222222223, 0
-0.00078125, -0.001388888888888889, 0
-0.00078125, -0.001388888888888889, 0
-0.00078125, -0.001388888888888889, 0
0.55859375, 0.2, 1
0.5609375, 0.19236111111111112, 0
0.56328125, 0.1840277777777778, 0
0.565625, 0.1763888888888889, 0
0.5671875, 0.17083333333333334, 0
0.56953125, 0.16527777777777777, 0
0.57109375, 0.16041666666666668, 0
0.573046875, 0.15625, 0
0.575390625, 0.15416666666666667, 0
0.57734375, 0.1638888888888889, 0
0.5796875, 0.1736111111111111, 0
0.581640625, 0.18333333333333332, 0
0.583984375, 0.19444444444444445, 0
0.58671875, 0.20625, 0
0.5890625, 0.22361111111111112, 0
0.5921875, 0.2375, 0
0.594140625, 0.25416666666666665, 0
0.596875, 0.2708333333333333, 0
0.6, 0.2916666666666667, 0
0.60234375, 0.3125, 0
0.60546875, 0.33194444444444443, 0
0.608203125, 0.35833333333333334, 0
0.612109375, 0.3840277777777778, 0
0.61484375, 0.4111111111111111, 0
0.617578125, 0.44027777777777777, 0
0.62109375, 0.4722222222222222, 0
0.624609375, 0.50625, 0
0.627734375, 0.5409722222222222, 0
0.63203125, 0.5805555555555556, 0
0.635546875, 0.6201388888888889, 0
0.6390625, 0.6395833333333333, 1
0.64296875, 0.65, 0
0.64609375, 0.6618055555555555, 0
0.65, 0.6770833333333334, 0
0.65390625, 0.6923611111111111, 0
0.6578125, 0.7104166666666667, 0
0.66171875, 0.7305555555555555, 0
0.666015625, 0.7520833333333333, 0
0.670703125, 0.7791666666666667, 0
0.67421875, 0.8034722222222223, 0
-0.00078125, -0.001388888888888889, 0
-0.00078125, -0.001388888888888889, 0
-0.00078125, -0.001388888888888889, 0
0.626171875, 0.5881944444444445, 0
0.6140625, 0.5381944444444444, 0
0.601953125, 0.49166666666666664, 0
0.591796875, 0.4513888888888889, 0
0.58203125, 0.41388888888888886, 0
0.571875, 0.3798611111111111, 0
0.56328125, 0.35138888888888886, 0
0.5546875, 0.32222222222222224, 0
0.547265625, 0.29791666666666666, 0
0.5390625, 0.2743055555555556, 0
0.53203125, 0.25555555555555554, 0
0.525, 0.23819444444444443, 0
-0.00078125, -0.001388888888888889, 0
0.51171875, 0.20833333333333334, 0
0.50625, 0.19652777777777777, 0
0.500390625, 0.1875, 0
0.494921875, 0.17847222222222223, 0
0.48984375, 0.17083333333333334, 0
0.484765625, 0.1638888888888889, 0
0.4796875, 0.15833333333333333, 0
0.475, 0.15486111111111112, 0
0.470703125, 0.1527777777777778, 0
0.4671875, 0.15, 0
0.462890625, 0.15, 0
0.45859375, 0.15, 0
0.45546875, 0.15, 0
-0.00078125, -0.001388888888888889, 0
0.448046875, 0.1527777777777778, 0
0.44453125, 0.15625, 0
-0.00078125, -0.001388888888888889, 0
-0.00078125, -0.001388888888888889, 0
0.43515625, 0.16875, 0
0.432421875, 0.17430555555555555, 0
0.429296875, 0.17916666666666667, 0
0.426171875, 0.18541666666666667, 0
0.423828125, 0.19305555555555556, 0
0.421484375, 0.19930555555555557, 0
0.41953125, 0.2076388888888889, 0
-0.00078125, -0.001388888888888889, 0
0.415234375, 0.20902777777777778, 0
0.4140625, 0.1986111111111111, 1
0.4125, 0.18541666666666667, 0
0.410546875, 0.17291666666666666, 0
0.408984375, 0.16111111111111112, 0
0.407421875, 0.15138888888888888, 0
0.406640625, 0.1423611111111111, 0
-0.00078125, -0.001388888888888889, 0
-0.00078125, -0.001388888888888889, 0
-0.00078125, -0.001388888888888889, 0
-0.00078125, -0.001388888888888889, 0
-0.00078125, -0.001388888888888889, 0
-0.00078125, -0.001388888888888889, 0
-0.00078125, -0.001388888888888889, 0
0.426171875, 0.16319444444444445, 0
0.4296875, 0.17083333333333334, 0
0.4328125, 0.17916666666666667, 0
0.436328125, 0.18888888888888888, 0
0.438671875, 0.1986111111111111, 0
0.442578125, 0.20902777777777778, 0
0.446484375, 0.2222222222222222, 0
0.45, 0.2326388888888889, 0
0.453515625, 0.24722222222222223, 0
0.45703125, 0.2625, 0
0.4609375, 0.2791666666666667, 0
0.46484375, 0.29444444444444445, 0
0.46875, 0.31319444444444444, 0
0.47265625, 0.3326388888888889, 0
0.476953125, 0.35347222222222224, 0
0.48125, 0.37430555555555556, 0
0.484765625, 0.39791666666666664, 0
0.489453125, 0.42083333333333334, 0
0.494140625, 0.4465277777777778, 0
0.498828125, 0.4736111111111111, 0
0.50234375, 0.5, 0
0.50625, 0.5, 1
0.50859375, 0.49583333333333335, 0
0.51171875, 0.49375, 0
0.514453125, 0.49236111111111114, 0
0.517578125, 0.49166666666666664, 0
0.520703125, 0.49166666666666664, 0
0.523828125, 0.4930555555555556, 0
0.5265625, 0.4951388888888889, 0
-0.00078125, -0.001388888888888889, 0
-0.00078125, -0.001388888888888889, 0
0.53671875, 0.5083333333333333, 0
0.539453125, 0.5159722222222223, 0
0.54296875, 0.5236111111111111, 0
0.54609375, 0.5326388888888889, 0
0.54921875, 0.54375, 0
0.552734375, 0.5541666666666667, 0
-0.00078125, -0.001388888888888889, 0
0.56015625, 0.5826388888888889, 0
0.563671875, 0.5958333333333333, 0
0.566796875, 0.6125, 0
0.5703125, 0.6305555555555555, 0
0.575390625, 0.6375, 0
0.580859375, 0.5909722222222222, 0
0.58671875, 0.5472222222222223, 0
0.59140625, 0.5104166666666666, 0
0.596484375, 0.4756944444444444, 0
0.600390625, 0.4465277777777778, 0
0.6046875, 0.4215277777777778, 0
0.60859375, 0.39861111111111114, 0
0.61171875, 0.37916666666666665, 0
0.615625, 0.3611111111111111, 0
0.618359375, 0.34375, 0
0.621484375, 0.33402777777777776, 0
0.62421875, 0.32222222222222224, 0
0.626953125, 0.31319444444444444, 0
0.6296875, 0.30486111111111114, 0
0.631640625, 0.29583333333333334, 0
0.633984375, 0.2916666666666667, 0
0.6359375, 0.2881944444444444, 0
0.637890625, 0.2847222222222222, 0
-0.00078125, -0.001388888888888889, 0
0.6421875, 0.28055555555555556, 0
0.64375, 0.2798611111111111, 0
0.6453125, 0.27708333333333335, 0
0.646484375, 0.2625, 1
0.64765625, 0.24930555555555556, 0
-0.00078125, -0.001388888888888889, 0
0.65078125, 0.22361111111111112, 0
0.65078125, 0.21666666666666667, 0
0.65234375, 0.20694444444444443, 0
0.653515625, 0.19930555555555557, 0
0.65390625, 0.19375, 0
0.655078125, 0.18819444444444444, 0
0.65625, 0.18263888888888888, 0
0.65703125, 0.17916666666666667, 0
-0.00078125, -0.001388888888888889, 0
-0.00078125, -0.001388888888888889, 0
-0.00078125, -0.001388888888888889, 0
-0.00078125, -0.001388888888888889, 0
-0.00078125, -0.001388888888888889, 0
-0.00078125, -0.001388888888888889, 0
-0.00078125, -0.001388888888888889, 0
-0.00078125, -0.001388888888888889, 0
0.6640625, 0.17430555555555555, 0
0.665234375, 0.17569444444444443, 0
0.66484375, 0.17708333333333334, 0
0.66640625, 0.16944444444444445, 0
